0.897402547251
0.619836448614
0.666731020757
0.831659879093
0.515456697315
0.930818179988
0.755045943835
-0.5
0.371551278937
0.807100906486
0.464272993649
0.811312301474
0.555769230769
0.944318181818
0.804409685191
0.190603914559
0.533283631598
1.0
0.697470845159
0.384525864277
0.611014669105
0.6093304858
0.640749793603
0.0
0.722507819849
0.645321145047
-0.5
0.97307469105
0.370954646278
0.883333333333
0.709753254484
0.742105263158
0.640403681123
0.606523245573
-0.5
0.634686777836
1.0
0.69290222383
0.884138583843
0.630553527803
0.930817117348
0.900990674036
0.389995449457
0.917991272742
0.799700656436
-0.5
0.720017811182
0.565274302386
0.379168760804
0.63670562923
0.957649784471
0.705975480147
0.30334245906
0.761994937564
-0.5
0.726060583052
0.844444444444
0.911502410944
0.848916577172
0.47654268903
0.743223844138
0.47641362627
0.565365526983
0.516425026573
0.898116135511
0.71984629118
0.668098893809
0.59629905397
0.447445271417
0.642621955437
1.0
0.880219007046
0.532254082675
0.0
0.842061700907
0.952029131455
-0.5
0.716162080654
0.550611771246
0.833393665158
0.879872801333
0.6298455956
-0.5
1.0
0.970490517891
0.587083777438
0.0
0.418558599361
0.881614461167
0.481257748143
0.793833143037
0.947570641178
0.863587454889
0.943716459732
0.689072998525
1.0
0.760732884192
0.806357530482
0.781289818204
0.900310425793
-0.5
-0.5
-0.5
0.883333333333
-0.5
0.938482832431
0.513717007145
0.501046655994
0.790679670357
0.795624839585
-0.5
0.393170598803
0.617484725552
0.446227856913
0.911873826658
0.803203637311
1.0
0.590625
0.572957701715
0.519478681775
0.800338848876
0.652423938543
0.435511844828
0.69941909571
0.379860476783
-0.5
0.717141935876
-0.5
0.894471391302
0.811507413652
0.81159365309
0.644864232821
1.0
0.822174545941
0.672329366471
0.567141216001
0.629442452766
0.313500024604
-0.5
0.674971874793
-0.5
0.952272727273
1.0
0.317451276223
0.634927645912
0.788058256031
0.661903189976
0.655589515667
0.672907581725
0.676420924309
0.898817022393
0.0
0.825
0.767888003415
0.717809389658
0.385139842736
0.805894504934
-0.5
0.264601669914
0.6652430111
0.634693995281
-0.5
0.702708507402
0.883333333333
0.399633004738
0.823692275733
0.723968025089
0.655885471123
0.616858799032
0.627303620573
0.592761860516
0.766151861942
0.0
0.278454682307
0.716116260663
0.0
0.678377971454
0.782741264685
0.232439656142
0.700181549705
0.899965438726
-0.5
0.916781272018
1.0
0.796813286677
0.844444444444
0.710585931193
-0.5
0.719197410837
0.208314433613
0.319141774889
0.806578947368
0.930522116543
0.70358774395
-0.5
0.650436020157
0.723108405295
-0.5
-0.5
0.957570936708
0.484997881643
0.966412920826
0.490099046094
0.840909090909
0.974264705882
0.975
0.686196713958
0.353429448771
0.866666666667
0.834722222222
0.807180466854
0.866312414155
0.213760522657
0.931256223127
0.0
0.948148148148
0.706829083578
0.823566178342
0.756600430454
0.903743965286
0.688091119073
0.832496479663
0.676540819093
0.495681512591
0.901595338922
0.89592292086
0.737196082494
0.727550744959
0.878441535251
0.835854614876
1.0
0.557790172905
0.744175762725
0.895419586858
0.424436175783
0.483132193938
0.694749130578
0.900111102063
0.654599249209
0.581115786532
0.813028612205
0.222029024874
0.643396069023
0.894771759482
0.408301835661
0.95
0.949653442971
0.958672078989
0.564308176
0.818307533192
