0.910001172932
0.541019698575
0.653035484927
0.834616054482
0.534964320556
0.896724079275
0.695733324199
-0.5
0.401292066024
0.780868479638
0.475321737519
0.764122645759
0.746153846154
0.968181818182
0.858333333333
0.171832829117
0.663275533827
1.0
0.712306609118
0.371703771565
0.670089172374
0.541927778323
0.689619245325
0.0
0.801931480024
0.584759937153
-0.5
0.946149382099
0.416166385716
0.933333333333
0.768190719494
0.852631578947
0.671792281756
0.427332205431
-0.5
0.651917415321
1.0
0.618945895028
0.844034743443
0.644124732186
0.861634234697
0.877066611266
0.558385414616
0.912247695388
0.814396791504
-0.5
0.791643809498
0.340370033343
0.361902428411
0.609720782269
0.915299568943
0.80985427226
0.369505430941
0.651372699265
-0.5
0.665989881453
0.911111111111
0.870623869507
0.841146956518
0.475552698322
0.597700742627
0.530742858015
0.539399784617
0.477712208535
0.89744684592
0.816008371833
0.687647062981
0.660575202511
0.511249424675
0.669397562056
1.0
0.760438014093
0.523154781891
0.0
0.842943994827
0.92611708644
-0.5
0.813903108675
0.500429891699
0.90479638009
0.890793650794
0.67630736832
-0.5
1.0
0.940981035783
0.633395272632
0.0
0.359376687312
0.882117811224
0.420149532899
0.800556728965
0.945141282356
0.874992370096
0.924197625345
0.724174001834
1.0
0.738584434032
0.788916433962
0.726364194581
0.800620851585
-0.5
-0.5
-0.5
0.933333333333
-0.5
0.8889221866
0.482195919052
0.455728136307
0.801947576008
0.842204540282
-0.5
0.386341197606
0.715830695123
0.531002803433
0.894260473829
0.771350883644
1.0
0.766071428571
0.539413855442
0.538957363549
0.801045344811
0.613381440213
0.339883338778
0.675913705777
0.577902771749
-0.5
0.478728316197
-0.5
0.860371354033
0.817473860917
0.743674997665
0.709829383658
1.0
0.825431393224
0.534342192601
0.609738407914
0.608469367198
0.431166715875
-0.5
0.704644604286
-0.5
0.972727272727
1.0
0.388616489187
0.699207242427
0.731437035897
0.627721150613
0.732607602763
0.56456516345
0.636569415724
0.872113211453
0.0
0.9
0.747314468368
0.713396557094
0.341911027962
0.814449507266
-0.5
0.195870006495
0.709548271037
0.692015710065
-0.5
0.822222222222
0.933333333333
0.405506119556
0.852062914039
0.684047161289
0.734428091614
0.634180561027
0.683178669718
0.584958031789
0.532303723884
0.0
0.42650000789
0.653744747984
0.0
0.605401453743
0.730661100798
0.277160014038
0.733696432743
0.851067241088
-0.5
0.865969951443
1.0
0.796433577653
0.911111111111
0.624856072912
-0.5
0.714188472468
0.272689473286
0.416061327556
0.889473684211
0.861044233087
0.724565478381
-0.5
0.63988132824
0.701323849513
-0.5
-0.5
0.949422329207
0.432850548132
0.954460457037
0.521563193667
0.909090909091
0.985294117647
0.985714285714
0.67073414046
0.377103288566
0.92380952381
0.905555555556
0.784815479163
0.760198357722
0.127521045315
0.862512446255
0.0
0.97037037037
0.753989974937
0.776619066798
0.783649363297
0.886013571597
0.744603290778
0.775816103045
0.641124211346
0.471615126022
0.919603562878
0.920814095688
0.777276780373
0.733947643765
0.77419076281
0.849288594832
1.0
0.719370269337
0.743253486234
0.854600068168
0.598872351567
0.487207605906
0.729273991441
0.823659704126
0.709198498418
0.560012561096
0.799668335521
0.232417838108
0.712954705324
0.860972090393
0.476204061186
0.971428571429
0.92245503409
0.917344157978
0.553351738628
0.775503955273
