1.0
0.866441660592
1.0
0.678447906766
0.440002657083
1.0
1.0
0.743405189322
0.740343902282
1.0
0.345619930891
1.0
1.0
1.0
0.76971517809
0.926999262126
0.924127136431
1.0
1.0
0.443581623966
1.0
0.850263409923
0.926999262126
1.0
0.926999262126
0.597725470012
1.0
1.0
1.0
1.0
0.926999262126
0.924127136431
1.0
0.0967940128286
0.0696562584889
1.0
1.0
1.0
1.0
0.787356379925
0.529113035852
1.0
1.0
1.0
1.0
1.0
0.924127136431
0.596564493369
0.251317589473
1.0
1.0
1.0
0.857957824468
0.844101241295
0.926999262126
0.967685905793
1.0
1.0
1.0
0.491373847543
0.828781440859
0.867928458393
0.790865784621
0.644227298003
0.76971517809
0.453491835098
0.854109542949
1.0
1.0
1.0
1.0
1.0
0.899425740212
1.0
0.987051288682
1.0
-0.5
0.929300300708
0.845412318406
1.0
1.0
0.643459558791
1.0
0.76971517809
1.0
1.0
1.0
0.756211628819
1.0
0.840059467702
1.0
1.0
1.0
1.0
0.926999262126
1.0
1.0
1.0
1.0
1.0
-0.5
0.646567669615
-0.5
1.0
0.426334376639
1.0
0.657734392525
0.286246571428
1.0
1.0
0.926999262126
1.0
1.0
0.498996597644
1.0
1.0
1.0
0.660695316761
0.759557595852
0.758419331489
1.0
1.0
1.0
0.758998232132
0.926999262126
1.0
0.827127854576
1.0
1.0
1.0
1.0
1.0
1.0
1.0
0.844101241295
0.617333185699
0.810505262686
0.584371034929
0.534602886416
1.0
0.586080336161
1.0
1.0
0.546061213778
1.0
1.0
1.0
0.921010812637
0.884451912901
1.0
1.0
0.64295846903
0.814589085989
1.0
1.0
0.926999262126
1.0
1.0
1.0
1.0
0.76219279277
0.347990963518
1.0
1.0
1.0
1.0
0.926999262126
1.0
-0.5
0.576195827116
0.48107194035
1.0
1.0
0.487942263901
1.0
0.612720647985
0.618806911534
1.0
0.863901384279
1.0
1.0
1.0
1.0
1.0
0.627286383568
1.0
1.0
0.799174986731
1.0
0.0967940128286
0.42899991272
0.92700826269
1.0
1.0
0.412914973104
1.0
1.0
0.690824636812
0.485052750939
1.0
0.742240247532
1.0
1.0
0.954043200536
1.0
1.0
0.714680071742
0.561314783734
1.0
1.0
0.76971517809
0.823689449622
0.906185358191
1.0
0.929300300708
0.863779243499
0.924127136431
1.0
1.0
1.0
0.924127136431
1.0
1.0
0.928660493468
1.0
1.0
1.0
1.0
1.0
1.0
1.0
0.790787572355
1.0
1.0
0.2
0.711530157489
1.0
1.0
0.923146774681
0.561314783734
1.0
0.714308500597
0.86152537585
0.920090985679
0.732560217757
1.0
1.0
1.0
1.0
1.0
