0.889003463463
0.67238094864
0.675861377977
0.864275269648
0.517570743667
0.953547580464
0.806335584005
-0.5
0.365167101839
0.824589191051
0.475958966706
0.866025669119
0.450183447709
0.948815279405
0.782025450619
0.20311797152
0.500532335433
1.0
0.723776985828
0.400286851109
0.606322469898
0.654265624118
0.608170159121
0.0
0.669558713066
0.685695283643
-0.5
0.991024897017
0.383136197882
0.85
0.670794944477
0.668421052632
0.630588821026
0.725983939
-0.5
0.634323354176
1.0
0.742206443031
0.910874477442
0.637859580154
0.976939039116
0.920700595049
0.324106567629
0.924418143546
0.808413927326
-0.5
0.672267145638
0.715210481748
0.400329224508
0.655304456748
0.98588326149
0.689408261628
0.267505600579
0.842691482097
-0.5
0.766107717451
0.8
0.938754771902
0.874454652053
0.477202682836
0.841726243785
0.477464636669
0.582676021894
0.542233571932
0.898562328571
0.655738237411
0.655782872464
0.572830212979
0.42638021313
0.646393553297
1.0
0.960073002349
0.538320283197
0.0
0.864492692151
0.969303828132
-0.5
0.651001395306
0.584066357611
0.806202352877
0.898317388804
0.603185760969
-0.5
1.0
0.990163505964
0.55643533322
0.0
0.458013207393
0.881278894463
0.527940616902
0.790404262735
0.949190213726
0.87366726155
0.956729015989
0.674135443953
1.0
0.775498517632
0.817984928162
0.822339078057
0.966770141931
-0.5
-0.5
-0.5
0.85
-0.5
0.979292451527
0.534731065874
0.574186313188
0.783167733256
0.790323141226
-0.5
0.397723532934
0.551920745838
0.475517506839
0.946107256408
0.824438806422
1.0
0.484737849296
0.595320265897
0.506492893925
0.799867851586
0.702091617503
0.499264182194
0.715595838921
0.24783228014
-0.5
0.876084348996
-0.5
0.917204749482
0.83786281921
0.86463537251
0.614849830294
1.0
0.820003314419
0.781181907526
0.556694130824
0.667674758881
0.253998814491
-0.5
0.65519005513
-0.5
0.938636363636
1.0
0.283687327216
0.63386477086
0.834776032434
0.697475355264
0.60424412427
0.745135860575
0.716913204706
0.922141107549
0.0
0.775
0.781603693446
0.755081764739
0.429269534183
0.821644850435
-0.5
0.31042277886
0.671550750817
0.596479518759
-0.5
0.652754687653
0.85
0.39571759486
0.804778516862
0.750581934289
0.614929973931
0.619679309994
0.59005358781
0.603727637716
0.922050620647
0.0
0.179757798586
0.769062563078
0.0
0.727028983261
0.817461373943
0.202626084211
0.677838294346
0.932564237151
-0.5
0.950655485734
1.0
0.821910989978
0.832886473529
0.767739170047
-0.5
0.73240600803
0.177004895597
0.254528739778
0.751315789474
0.976840705514
0.701083681204
-0.5
0.658588704139
0.755527488268
-0.5
-0.5
0.970856978903
0.525096195681
0.974381230019
0.489585535843
0.795454545455
0.966911764706
0.967857142857
0.718498319857
0.342909888434
0.858369360628
0.7875
0.822090458648
0.937055118444
0.271253507552
0.977085407709
0.0
0.952794896843
0.675388489339
0.92961465204
0.741579228452
0.915564227745
0.650416337937
0.870283397409
0.710885389817
0.511725770303
0.900166282565
0.879328804308
0.710475617242
0.723286145756
0.947942050212
0.826898628239
1.0
0.476642570545
0.744790613719
0.933984672145
0.308145391928
0.48781970038
0.724690104164
0.951078700688
0.618199749736
0.595375559926
0.833131600579
0.215103149385
0.617564877528
0.917304872208
0.388744715541
0.935714285714
0.967785715558
0.98622402633
0.57906276432
0.846843251805
