1.0
0.330119932242
0.866666666667
1.0
0.9
1.0
1.0
-0.5
0.40500477371
0.933333333333
0.8
1.0
1.0
1.0
1.0
0.134753022088
0.852631578947
1.0
1.0
0.307459149907
1.0
0.421303779756
0.866666666667
0.0
0.866666666667
0.338408910046
-0.5
1.0
0.401204815925
1.0
0.866666666667
0.852631578947
1.0
0.290382038486
-0.5
0.866666666667
1.0
1.0
1.0
0.933333333333
1.0
1.0
0.656862745098
1.0
1.0
-0.5
0.852631578947
0.128113978762
0.316304224987
1.0
1.0
1.0
0.365317432484
1.0
-0.5
0.845454545455
1.0
1.0
1.0
0.418022679671
0.711224869403
0.9
0.58490907993
0.304261385636
1.0
0.852631578947
0.866666666667
1.0
0.6
1.0
1.0
1.0
0.852631578947
0.0
1.0
1.0
-0.5
0.852631578947
0.312320760393
1.0
1.0
0.852631578947
-0.5
1.0
1.0
1.0
0.0
0.222131742081
1.0
0.285588241369
1.0
1.0
1.0
1.0
0.866666666667
1.0
1.0
1.0
1.0
1.0
-0.5
-0.5
-0.5
1.0
-0.5
1.0
0.572277500982
0.365317432484
1.0
1.0
-0.5
0.226341197606
0.852631578947
0.653333333333
1.0
1.0
1.0
0.818181818182
0.386058051555
0.429377224935
1.0
1.0
0.143882075276
0.926315789474
0.672727272727
-0.5
0.109553049657
-0.5
0.971428571429
0.983333333333
1.0
0.866666666667
1.0
1.0
0.332753612107
0.870588235294
0.878260869565
0.379691533007
-0.5
0.866666666667
-0.5
1.0
1.0
0.384609485945
1.0
1.0
1.0
0.828571428571
0.720160917216
1.0
1.0
0.0
0.9
1.0
0.9
0.335175774534
1.0
-0.5
0.0625366731621
1.0
0.909090909091
-0.5
1.0
1.0
0.288438190051
1.0
0.866666666667
0.9
0.9
0.828571428571
0.852631578947
0.132303723884
0.0
0.631578947368
1.0
0.0
0.616488027298
1.0
0.325309972509
0.866666666667
1.0
-0.5
1.0
1.0
1.0
1.0
1.0
-0.5
1.0
0.290382038486
0.369244304102
0.926315789474
0.6
1.0
-0.5
1.0
1.0
-0.5
-0.5
1.0
0.319355146304
1.0
0.852631578947
1.0
1.0
1.0
1.0
0.361456181004
1.0
0.9
1.0
1.0
0.00752104531488
1.0
0.0
1.0
0.878260869565
1.0
1.0
1.0
0.852631578947
1.0
1.0
0.9
1.0
1.0
0.9
1.0
1.0
1.0
1.0
0.790769230769
1.0
1.0
0.7
0.844444444444
1.0
1.0
0.866666666667
0.96
1.0
0.175422340686
1.0
0.971428571429
0.644444444444
0.971428571429
1.0
1.0
0.9
1.0
