0.729166666667
0.0
0.222222222222
0.532407407407
0.21875
0.649122807018
0.572916666667
-0.5
0.0409090909091
0.625
0.175
0.5
0.365384615385
0.636363636364
0.5
0.0
0.296938259109
1.0
0.4375
0.09375
0.393181818182
0.0
0.444444444444
0.0
0.538011695906
0.0
-0.5
0.857142857143
0.0
0.833333333333
0.5
0.631578947368
0.410204081633
0.0
-0.5
0.275
1.0
0.25
0.757575757576
0.294526143791
0.75
0.708333333333
0.0868249054008
0.875
0.765151515152
-0.5
0.460526315789
0.0
0.0
0.309523809524
0.875
0.532585470085
0.0
0.25
-0.5
0.230113636364
0.777777777778
0.824074074074
0.541666666667
0.0
0.355263157895
0.25
0.473684210526
0.0
0.833333333333
0.623684210526
0.333333333333
0.25
0.0
0.486842105263
1.0
0.416666666667
0.168421052632
0.0
0.612782859023
0.833333333333
-0.5
0.623684210526
0.0
0.746153846154
0.560317460317
0.315789473684
-0.5
1.0
0.875
0.355555555556
0.0
0.0
0.791111111111
0.0
0.604545454545
0.83125
0.729166666667
0.833333333333
0.388888888889
1.0
0.6
0.666666666667
0.546875
0.5
-0.5
-0.5
-0.5
0.833333333333
-0.5
0.84375
0.375
0.0
0.75
0.640451388889
-0.5
0.0
0.473684210526
0.0261904761905
0.666666666667
0.537087912088
1.0
0.40625
0.0
0.0
0.6125
0.375
0.0
0.482456140351
0.111363636364
-0.5
0.0
-0.5
0.696428571429
0.399553571429
0.535714285714
0.307894736842
1.0
0.625
0.0
0.225490196078
0.15652173913
0.0
-0.5
0.444444444444
-0.5
0.931818181818
1.0
0.0
0.5
0.486111111111
0.35
0.428571428571
0.5
0.333333333333
0.71875
0.0
0.75
0.625
0.5
0.0
0.605743927126
-0.5
0.0
0.392106842737
0.309027777778
-0.5
0.555555555556
0.833333333333
0.0
0.694444444444
0.486111111111
0.402777777778
0.3125
0.571428571429
0.315789473684
0.0
0.0
0.0328947368421
0.35
0.0
0.266447368421
0.386904761905
0.133333333333
0.444444444444
0.75
-0.5
0.666666666667
1.0
0.536538461538
0.777777777778
0.35
-0.5
0.4375
0.0
0.0
0.723684210526
0.0
0.458333333333
-0.5
0.5
0.458333333333
-0.5
-0.5
0.8625
0.0
0.875
0.191478696742
0.772727272727
0.963235294118
0.964285714286
0.498903508772
0.0
0.78125
0.708333333333
0.666666666667
0.375
0.0
0.666666666667
0.0
0.916666666667
0.497711670481
0.541666666667
0.504901960784
0.729166666667
0.421052631579
0.583333333333
0.232695709863
0.2
0.74375
0.799603174603
0.5625
0.541666666667
0.533333333333
0.744047619048
1.0
0.262820512821
0.555555555556
0.707386363636
0.125
0.152777777778
0.507352941176
0.5
0.5
0.3
0.6875
0.0
0.416666666667
0.696428571429
0.0324074074074
0.928571428571
0.833333333333
0.75
0.28125
0.555555555556
