0.827983003587
0.238139655355
0.428498496354
0.686320031822
0.402200250078
0.750194042671
0.604180395047
-0.5
0.254849027315
0.685445955254
0.359066191326
0.60122965578
0.682692307692
0.818181818182
0.75
0.08908505121
0.575078059858
1.0
0.597523309456
0.199149488166
0.58625340899
0.226028750843
0.599611479366
0.0
0.722920694748
0.25200582998
-0.5
0.884191837287
0.242793991021
0.916666666667
0.673053669754
0.815789473684
0.582381657514
0.184212060033
-0.5
0.498723074563
1.0
0.401634203312
0.774069356909
0.48111704531
0.75969519558
0.779499953833
0.437564154183
0.890798518087
0.802220991477
-0.5
0.673835728188
0.0779240450818
0.193074638173
0.441632397922
0.861599789482
0.740472399248
0.228861363391
0.383705423163
-0.5
0.412520833146
0.888888888889
0.820096610832
0.686746799659
0.237116355355
0.38503313181
0.446143739704
0.48923150266
0.213047558909
0.864943896567
0.783954344949
0.523522310938
0.542603441307
0.315327982338
0.612262250881
1.0
0.508698345077
0.345389216427
0.0
0.718501887009
0.862450513209
-0.5
0.781322766001
0.216760359485
0.873076923077
0.780158730159
0.535896233778
-0.5
1.0
0.903375707008
0.540382314539
0.0
0.170034049625
0.829506020278
0.203759716677
0.71350868678
0.88657606863
0.809682795186
0.865752923082
0.583870491725
1.0
0.654526583576
0.716164152635
0.600018569013
0.589688663666
-0.5
-0.5
-0.5
0.916666666667
-0.5
0.833749306664
0.407583900797
0.209107812247
0.783485725104
0.772381098383
-0.5
0.188617664671
0.660321432538
0.349866264564
0.768721335028
0.632390318677
1.0
0.703125
0.24876120468
0.282464469625
0.707243669695
0.492776827636
0.106189332023
0.569718536491
0.4766614007
-0.5
0.0804217449792
-0.5
0.755666604552
0.615218421622
0.598366750439
0.559801480279
1.0
0.727386928134
0.206009083931
0.459708477184
0.387699234029
0.295587624017
-0.5
0.594326344028
-0.5
0.965909090909
1.0
0.256997923598
0.654763882293
0.577935221762
0.500966422481
0.631934907065
0.460054302875
0.469758998827
0.778389579304
0.0
0.875
0.672441544153
0.603756390171
0.213006704359
0.718030163613
-0.5
0.0521138943017
0.604656822503
0.541971071922
-0.5
0.777777777778
0.916666666667
0.213149035624
0.792167438113
0.552242102329
0.645907889396
0.521464521052
0.664553653337
0.446853079958
0.110253103237
0.0
0.328394256087
0.506820414408
0.0
0.402698147437
0.524670725375
0.235060245616
0.611413693953
0.767934822119
-0.5
0.732444095339
1.0
0.68540467821
0.888888888889
0.443770540112
-0.5
0.573777404218
0.179261429758
0.272643698889
0.861842105263
0.384203527572
0.662509536863
-0.5
0.562904202842
0.580969477457
-0.5
-0.5
0.904256261994
0.231138102149
0.906761919326
0.378972072335
0.886363636364
0.981617647059
0.982142857143
0.58105769015
0.20594875611
0.890625
0.854166666667
0.71083108112
0.496856474573
0.0062675377624
0.718760371879
0.0
0.958333333333
0.657291416948
0.659914037146
0.664274796212
0.798851095684
0.620502742315
0.652979719015
0.439870409918
0.351104678029
0.844424752691
0.877498183323
0.696608855439
0.64867183941
0.584261533111
0.81500225533
1.0
0.598815455366
0.659671762198
0.760818214207
0.478226959639
0.336412588219
0.647252688577
0.61489382775
0.640998748682
0.43959439447
0.73124317482
0.123134794543
0.619599833377
0.756167218185
0.308023617035
0.964285714286
0.859761911124
0.806120131649
0.454882540475
0.65489686848
