1.0
0.849746868166
1.0
0.638253895112
0.370002989218
1.0
1.0
0.784672364933
0.754688263592
1.0
0.309999622404
1.0
1.0
1.0
0.740929575352
0.917874169891
0.914643028485
1.0
1.0
0.434975337397
1.0
0.868774715381
0.917874169891
1.0
0.917874169891
0.607199124905
1.0
1.0
1.0
1.0
0.917874169891
0.914643028485
1.0
0.0483970064143
0.0348281292445
1.0
1.0
1.0
1.0
0.793950347302
0.470252165334
1.0
1.0
1.0
1.0
1.0
0.914643028485
0.673282246685
0.277600373077
1.0
1.0
1.0
0.840202552527
0.922050620647
0.917874169891
0.963646644018
1.0
1.0
1.0
0.512436723047
0.91439072043
0.851419515692
0.820499528327
0.66136792158
0.740929575352
0.385178314486
0.835873235818
1.0
1.0
1.0
1.0
1.0
0.949712870106
1.0
0.985432699767
1.0
-0.5
0.920462838296
0.826088858206
1.0
1.0
0.59889200364
1.0
0.740929575352
1.0
1.0
1.0
0.812092046999
1.0
0.875842421793
1.0
1.0
1.0
1.0
0.917874169891
1.0
1.0
1.0
1.0
1.0
-0.5
0.602388628317
-0.5
1.0
0.354626173719
1.0
0.670726712219
0.280536078766
1.0
1.0
0.917874169891
1.0
1.0
0.436371172349
1.0
1.0
1.0
0.618282231356
0.774073534593
0.763768159398
1.0
1.0
1.0
0.728873011149
0.917874169891
1.0
0.913563927288
1.0
1.0
1.0
1.0
1.0
1.0
1.0
0.922050620647
0.569499833912
0.88109806875
0.578315011585
0.557316267249
1.0
0.598466089726
1.0
1.0
0.555652936072
1.0
1.0
1.0
0.911137164217
0.94222595645
1.0
1.0
0.598328277658
0.791412721738
1.0
1.0
0.917874169891
1.0
1.0
1.0
1.0
0.736014584573
0.388012617189
1.0
1.0
1.0
1.0
0.917874169891
1.0
-0.5
0.523220305505
0.522459425819
1.0
1.0
0.488438788871
1.0
0.564310728983
0.634016687843
1.0
0.90810836609
1.0
1.0
1.0
1.0
1.0
0.580697181514
1.0
1.0
0.774071860072
1.0
0.0483970064143
0.423514897836
0.917884295526
1.0
1.0
0.399287315883
1.0
1.0
0.652177716413
0.523772943772
1.0
0.799369361809
1.0
1.0
0.948298600603
1.0
1.0
0.734790601339
0.506479131701
1.0
1.0
0.740929575352
0.801650630825
0.894458527965
1.0
0.920462838296
0.846751648936
0.914643028485
1.0
1.0
1.0
0.914643028485
1.0
1.0
0.919743055151
1.0
1.0
1.0
1.0
1.0
1.0
1.0
0.764636018899
1.0
1.0
0.1
0.675471427175
1.0
1.0
0.913540121517
0.506479131701
1.0
0.774933885428
0.844216047832
0.910102358888
0.760574845546
1.0
1.0
1.0
1.0
1.0
