1.0
0.55019988707
1.0
1.0
1.0
1.0
1.0
-0.5
0.625589011804
1.0
1.0
1.0
1.0
1.0
1.0
0.224588370147
1.0
1.0
1.0
0.512431916512
1.0
0.702172966261
1.0
0.0
1.0
0.564014850076
-0.5
1.0
0.668674693209
1.0
1.0
1.0
1.0
0.483970064143
-0.5
1.0
1.0
1.0
1.0
1.0
1.0
1.0
1.0
1.0
1.0
-0.5
1.0
0.213523297936
0.527173708312
1.0
1.0
1.0
0.608862387473
1.0
-0.5
1.0
1.0
1.0
1.0
0.696704466119
0.553795834971
1.0
0.553795834971
0.507102309394
1.0
1.0
1.0
1.0
1.0
1.0
1.0
1.0
1.0
0.0
1.0
1.0
-0.5
1.0
0.520534600655
1.0
1.0
1.0
-0.5
1.0
1.0
1.0
0.0
0.370219570136
1.0
0.475980402281
1.0
1.0
1.0
1.0
1.0
1.0
1.0
1.0
1.0
1.0
-0.5
-0.5
-0.5
1.0
-0.5
1.0
0.553795834971
0.608862387473
1.0
1.0
-0.5
0.377235329343
1.0
1.0
1.0
1.0
1.0
1.0
0.643430085925
0.715628708225
1.0
1.0
0.239803458793
1.0
1.0
-0.5
0.182588416095
-0.5
1.0
1.0
1.0
1.0
1.0
1.0
0.554589353512
1.0
1.0
0.632819221678
-0.5
1.0
-0.5
1.0
1.0
0.641015809909
1.0
1.0
1.0
1.0
0.533601528694
1.0
1.0
0.0
1.0
1.0
1.0
0.55862629089
1.0
-0.5
0.104227788603
1.0
1.0
-0.5
1.0
1.0
0.480730316751
1.0
1.0
1.0
1.0
1.0
1.0
0.220506206474
0.0
1.0
1.0
0.0
0.598784399571
1.0
0.394035139367
1.0
1.0
-0.5
1.0
1.0
1.0
1.0
1.0
-0.5
1.0
0.483970064143
0.615407173503
1.0
1.0
1.0
-0.5
1.0
1.0
-0.5
-0.5
1.0
0.532258577173
1.0
1.0
1.0
1.0
1.0
1.0
0.60242696834
1.0
1.0
1.0
1.0
0.0125350755248
1.0
0.0
1.0
1.0
1.0
1.0
1.0
1.0
1.0
1.0
1.0
1.0
1.0
1.0
1.0
1.0
1.0
1.0
1.0
1.0
1.0
1.0
1.0
1.0
1.0
1.0
1.0
1.0
0.29237056781
1.0
1.0
1.0
1.0
1.0
1.0
1.0
1.0
