0.926799340508
0.476279310709
0.634774770486
0.840232656237
0.585650500155
0.851265278324
0.635444123428
-0.5
0.473802012604
0.745891910508
0.543132382652
0.70245931156
1.0
1.0
1.0
0.17817010242
0.853217860606
1.0
0.757546618912
0.360231192158
0.779324999799
0.452057501687
0.754778514288
0.0
0.90782969359
0.504011659961
-0.5
0.911240817432
0.485587982042
1.0
0.846107339507
1.0
0.754559233396
0.368424120066
-0.5
0.722446149125
1.0
0.553268406625
0.790562956243
0.66770794683
0.769390391161
0.850666574333
0.788303402965
0.906597036173
0.839290467802
-0.5
0.887145140586
0.155848090164
0.386149276345
0.573740986321
0.858832614904
0.948359328411
0.457722726782
0.517410846327
-0.5
0.594928029928
1.0
0.816119147591
0.831826932652
0.474232710711
0.414803105726
0.642287479408
0.504778794795
0.426095117818
0.8965544598
0.944224479371
0.713711288543
0.835206882613
0.630655964675
0.7376823965
1.0
0.600730023488
0.522357380223
0.0
0.849887559928
0.891567693085
-0.5
0.944224479371
0.433520718969
1.0
1.0
0.756002993873
-0.5
1.0
0.931751414017
0.725209073523
0.0
0.34006809925
0.882788944632
0.407519433355
0.822471919015
0.941902137261
0.890198923705
0.898172512831
0.77885209456
1.0
0.709053167151
0.765661638603
0.653162138027
0.679377327331
-0.5
-0.5
-0.5
1.0
-0.5
0.823748613327
0.440167801594
0.418215624494
0.816971450209
0.904310807877
-0.5
0.377235329343
0.84695865455
0.673542052938
0.870776003389
0.744959436557
1.0
1.0
0.497522409361
0.564928939249
0.801987339391
0.610553655273
0.212378664046
0.65698093263
0.841959165036
-0.5
0.160843489958
-0.5
0.814904637675
0.830883271815
0.679000922258
0.811708223716
1.0
0.829773856267
0.412018167863
0.693926758289
0.618876728927
0.591175248035
-0.5
0.744208243611
-0.5
1.0
1.0
0.513995847196
0.809527764585
0.669759332414
0.651932844961
0.835298385558
0.42010860575
0.606184664321
0.838029158607
0.0
1.0
0.719883088306
0.707512780342
0.426013408718
0.830316400101
-0.5
0.104227788603
0.829811844286
0.774914366066
-0.5
1.0
1.0
0.426298071247
0.889890431781
0.642878708935
0.889038001015
0.730429042104
0.757678735245
0.577916686232
0.220506206474
0.0
0.623893775333
0.663640828816
0.0
0.538948926453
0.662436688846
0.336787157899
0.778382943461
0.785869644237
-0.5
0.79822152401
1.0
0.834270894881
1.0
0.537541080223
-0.5
0.710054808437
0.358522859517
0.545287397778
1.0
0.768407055144
0.866685740392
-0.5
0.625808405683
0.70360562158
-0.5
-0.5
0.946012523987
0.462276204298
0.938523838651
0.592132092861
1.0
1.0
1.0
0.663211871528
0.411897512219
1.0
1.0
0.754995495574
0.618712949145
0.0125350755248
0.770854077091
0.0
1.0
0.816871163414
0.778161407626
0.82364763164
0.868535524701
0.819952853052
0.722626104697
0.662635556677
0.502209356058
0.945099505381
0.955393192042
0.830717710879
0.755677012153
0.635189732888
0.885956891613
1.0
0.934810397912
0.76378796884
0.814250064778
0.831453919278
0.520047398661
0.787152435978
0.7297876555
0.781997497363
0.579188788939
0.804294066155
0.246269589086
0.822533000087
0.815905864941
0.583639826663
1.0
0.886190488915
0.862240263297
0.628515080949
0.754238181405
