0.927657396084
0.694511243536
0.622064487656
0.631567103466
0.551711326253
0.85718110286
0.650298720938
0.450000771825
0.509932477053
0.771302719457
0.603419224494
0.642979339005
0.979039751181
0.991517534807
0.957209479935
0.744230157999
0.827570023509
1.0
0.750035887597
0.362746868548
0.719953227318
0.487126805165
0.758278819623
0.984813044747
0.906421497622
0.538471444303
0.916158460219
0.919224073149
0.651574876014
0.995437453883
0.848914840341
0.990515892054
0.722738054269
0.331581708059
0.311858419402
0.720562324383
0.896880888366
0.572346126731
0.804493425735
0.630331290587
0.759836098841
0.863702081119
0.801361152351
0.907326137736
0.849332034653
0.82496539324
0.87588743565
0.175137075896
0.447330160374
0.58210177554
0.824303438033
0.938443484384
0.69788072152
0.55142657466
0.902428453644
0.608667469683
1.0
0.831541275051
0.833790684454
0.577996161384
0.448537856146
0.635406854182
0.528952955759
0.430902407243
0.871774302036
0.878573904388
0.719126111876
0.780762571237
0.644143079507
0.732533755111
0.989695933874
0.640657021139
0.624188176533
0.847861083424
0.84064025945
0.89824425711
-0.5
0.934539583399
0.671934823152
0.972070100779
0.975724899372
0.731214864701
0.893701943413
0.80556382446
0.93049877691
0.63618860445
0.897188595522
0.371530364427
0.869585695384
0.582810062994
0.842857081305
0.942035193171
0.890780133744
0.903112685787
0.673561992562
0.832531818813
0.766071208862
0.772638138454
0.659916428175
0.702440957998
-0.5
0.847876104102
-0.5
0.995437453883
0.564288290476
0.840176794693
0.456167503556
0.629973882563
0.821247422859
0.83343295535
0.922691435844
0.755243261427
0.872448948782
0.625710109167
0.87358439897
0.756381694933
1.0
0.940465547596
0.489507797684
0.876208110352
0.892486054332
0.597602384135
0.716133217156
0.646089233737
0.763551480472
0.575580534585
0.174689937658
0.98702427865
0.827164173907
0.835698045599
0.71048740645
0.781305296035
0.878011779054
0.841772095688
0.428240037163
0.59403978954
0.641519002997
0.583660216066
0.341435971479
0.765620752583
0.394018918353
0.997735552642
0.820543753087
0.488719230565
0.845816640053
0.699621957436
0.631791685416
0.83576649596
0.646569276971
0.62844374739
0.845750018357
0.825608451463
0.961372726248
0.943555908154
0.837682101553
0.69342934345
0.828921476348
0.611643729921
0.632623090883
0.793515049849
0.720156075485
0.174801367883
1.0
1.0
0.688406605873
0.898273135594
0.667580352199
0.763971699862
-0.5
0.72893534011
0.562056082288
0.649227792913
0.899829288053
0.600419284638
0.650967491673
0.735413326671
0.457640129854
0.588899783884
0.460243767515
0.794045158977
0.68277602478
0.741648174268
0.815992981137
1.0
0.791515753621
0.996958302589
0.546126847635
0.974896873341
0.705235528887
0.322670573565
0.636335686481
0.986314049254
0.860041397328
0.840417789271
0.366211545841
0.942053257649
0.739769809964
0.571787403173
0.290606249692
0.987228865948
0.475875714702
0.934047640162
0.72183875648
0.947127700033
0.907840315567
0.997068292443
0.440610666842
0.603976663629
0.979066318193
0.991168427739
0.743119626628
0.829685017391
0.557020723723
0.532576228934
0.84984076307
0.97513373332
0.798312442938
0.769134175388
0.831032182568
0.866458568571
0.808524393318
0.605957680065
0.763399065261
0.647308681324
0.927328570824
0.94412636901
1.0
0.755743186109
0.670086234773
0.899058078458
1.0
0.905517750971
0.680443174107
0.825915483971
0.74830852735
0.513692397654
0.775564717511
0.753418548045
0.777914447713
0.55567993007
0.791866239306
0.29693675857
0.813146151086
0.821437255646
0.586993932511
1.0
0.894954638175
0.876016236967
0.688714042744
0.757981029932
