0.901602089144
0.593564198601
0.662165842147
0.832645270889
0.521959238395
0.91945347975
0.733313399777
-0.5
0.375611864608
0.798356764203
0.463047752215
0.794954312859
0.619230769231
0.952272727273
0.815601802477
0.184346886078
0.568841650586
1.0
0.691303361141
0.379861533268
0.622839183626
0.586862916641
0.657039610844
0.0
0.748982373241
0.625134075749
-0.5
0.964099588066
0.381455587554
0.9
0.729232409487
0.778947368421
0.645311111171
0.546792898859
-0.5
0.640430323664
1.0
0.668250114229
0.870770637043
0.632333124864
0.907756156464
0.89113571353
0.446125437843
0.915073024996
0.801949953355
-0.5
0.743893143954
0.490306212705
0.37200452571
0.627710680243
0.943533045962
0.740601744185
0.32539678302
0.721646665297
-0.5
0.706037015852
0.866666666667
0.897876230465
0.845806968451
0.476212692128
0.693972644314
0.477039156014
0.556710279528
0.503520753894
0.897893038981
0.751900318064
0.6746149502
0.60983768786
0.462492726906
0.641515815998
1.0
0.840292009395
0.529220982414
0.0
0.840639038189
0.943391783117
-0.5
0.748742423327
0.533884478064
0.857194570136
0.870650507598
0.643175512916
-0.5
1.0
0.960654023855
0.602407999547
0.0
0.398831295344
0.88178224452
0.457916313763
0.796074338346
0.946760854904
0.867389093292
0.937210181603
0.696834955471
1.0
0.753350067472
0.800543831642
0.762965222858
0.867080567723
-0.5
-0.5
-0.5
0.9
-0.5
0.921962617154
0.503209977781
0.474484392213
0.794435638907
0.811151406484
-0.5
0.390894131737
0.650266715409
0.465593241518
0.906002709048
0.792586052755
1.0
0.649107142857
0.561776419624
0.5259715757
0.800574347521
0.630697385308
0.403635676145
0.691330724104
0.445874575105
-0.5
0.637670729317
-0.5
0.883104712213
0.813496229407
0.78813681163
0.663561426703
1.0
0.823260161702
0.618702985726
0.573507138278
0.61651908356
0.352722255028
-0.5
0.684862784624
-0.5
0.959090909091
1.0
0.33963377498
0.651323346803
0.76469936783
0.644117107332
0.681262211366
0.6367934423
0.658273960143
0.88991575208
0.0
0.85
0.761030158399
0.71633844547
0.363074997013
0.808746172378
-0.5
0.241691115441
0.675992532207
0.653801233542
-0.5
0.733333333333
0.9
0.401590709678
0.833149155169
0.710661070489
0.67636321972
0.622632719697
0.645928636955
0.588478704568
0.68820248259
0.0
0.327803124168
0.689643109455
0.0
0.65405246555
0.765381210056
0.247346442107
0.711353177385
0.883666039513
-0.5
0.89984416516
1.0
0.785322603868
0.866666666667
0.682009311766
-0.5
0.717527764714
0.22977278017
0.351448292445
0.834210526316
0.907362822058
0.704839775323
-0.5
0.646917789518
0.712897281621
-0.5
-0.5
0.951127231817
0.466117774695
0.96242876623
0.497482863651
0.863636363636
0.977941176471
0.978571428571
0.674495274927
0.36114956638
0.885714285714
0.858333333333
0.799725470957
0.830941062011
0.18501403021
0.908341630836
0.0
0.955555555556
0.722549380698
0.781448863117
0.764111031455
0.897833834056
0.706928509642
0.81360302079
0.65995057762
0.487659383734
0.906855591626
0.904219979136
0.750556315121
0.729683044561
0.843691277771
0.840332608195
1.0
0.611650205049
0.743868337228
0.880024937359
0.482581567711
0.483740446832
0.700334769172
0.874627302751
0.672798998945
0.573985899834
0.808575186644
0.225491962618
0.665609963376
0.883505203119
0.430935910836
0.957142857143
0.940587306677
0.944896105319
0.556930881841
0.804039673886
