1.0
0.110039977414
0.733333333333
1.0
0.8
1.0
1.0
-0.5
0.256213712449
0.866666666667
0.6
1.0
1.0
1.0
1.0
0.0449176740295
0.705263157895
1.0
1.0
0.250922053992
1.0
0.140434593252
0.733333333333
0.0
0.733333333333
0.112802970015
-0.5
1.0
0.133734938642
1.0
0.733333333333
0.705263157895
1.0
0.0967940128286
-0.5
0.733333333333
1.0
1.0
1.0
0.866666666667
1.0
1.0
0.313725490196
1.0
1.0
-0.5
0.705263157895
0.0427046595872
0.105434741662
1.0
1.0
1.0
0.121772477495
1.0
-0.5
0.690909090909
1.0
1.0
1.0
0.139340893224
0.868653903836
0.8
0.616022324889
0.101420461879
1.0
0.705263157895
0.733333333333
1.0
0.2
1.0
1.0
1.0
0.705263157895
0.0
1.0
1.0
-0.5
0.705263157895
0.104106920131
1.0
1.0
0.705263157895
-0.5
1.0
1.0
1.0
0.0
0.0740439140272
1.0
0.0951960804562
1.0
1.0
1.0
1.0
0.733333333333
1.0
1.0
1.0
1.0
1.0
-0.5
-0.5
-0.5
1.0
-0.5
1.0
0.590759166994
0.121772477495
1.0
1.0
-0.5
0.0754470658686
0.705263157895
0.306666666667
1.0
1.0
1.0
0.636363636364
0.128686017185
0.143125741645
1.0
1.0
0.0479606917586
0.852631578947
0.345454545455
-0.5
0.036517683219
-0.5
0.942857142857
0.966666666667
1.0
0.733333333333
1.0
1.0
0.110917870702
0.741176470588
0.75652173913
0.126563844336
-0.5
0.733333333333
-0.5
1.0
1.0
0.128203161982
1.0
1.0
1.0
0.657142857143
0.906720305739
1.0
1.0
0.0
0.8
1.0
0.8
0.111725258178
1.0
-0.5
0.0208455577207
1.0
0.818181818182
-0.5
1.0
1.0
0.0961460633502
1.0
0.733333333333
0.8
0.8
0.657142857143
0.705263157895
0.0441012412948
0.0
0.263157894737
1.0
0.0
0.679180219626
1.0
0.256584805651
0.733333333333
1.0
-0.5
1.0
1.0
1.0
1.0
1.0
-0.5
1.0
0.0967940128286
0.123081434701
0.852631578947
0.2
1.0
-0.5
1.0
1.0
-0.5
-0.5
1.0
0.106451715435
1.0
0.705263157895
1.0
1.0
1.0
1.0
0.120485393668
1.0
0.8
1.0
1.0
0.00250701510496
1.0
0.0
1.0
0.75652173913
1.0
1.0
1.0
0.705263157895
1.0
1.0
0.8
1.0
1.0
0.8
1.0
1.0
1.0
1.0
0.581538461538
1.0
1.0
0.4
0.688888888889
1.0
1.0
0.733333333333
0.92
1.0
0.0584741135621
1.0
0.942857142857
0.288888888889
0.942857142857
1.0
1.0
0.8
1.0
