1.0
0.983305207574
1.0
0.959805988346
0.930000332135
1.0
1.0
0.510283077521
0.639933373114
1.0
0.913718965696
1.0
1.0
1.0
0.971214397261
0.990874907766
0.990515892054
1.0
1.0
0.503825629944
1.0
0.720684271719
0.990874907766
1.0
0.990874907766
0.559340030876
1.0
1.0
1.0
1.0
0.990874907766
0.990515892054
1.0
0.435573057729
0.3134531632
1.0
1.0
1.0
1.0
0.973419547491
0.941139129482
1.0
1.0
1.0
1.0
1.0
0.990515892054
0.21366936114
0.9
1.0
1.0
1.0
0.982244728059
0.9
0.990874907766
0.995960738224
1.0
1.0
1.0
0.9
0.584979780027
0.983491057299
0.583429578677
0.52424293297
0.971214397261
0.931686479387
0.981763692869
1.0
1.0
1.0
1.0
1.0
0.975
1.0
0.998381411085
1.0
-0.5
0.991162537588
0.980676539801
1.0
1.0
0.955432444849
1.0
0.971214397261
1.0
1.0
1.0
0.413853045306
1.0
0.9
1.0
1.0
1.0
1.0
0.990874907766
1.0
1.0
1.0
1.0
1.0
-0.5
0.955820958702
-0.5
1.0
0.92829179708
1.0
0.566788154665
0.9
1.0
1.0
0.990874907766
1.0
1.0
0.937374574705
1.0
1.0
1.0
0.957586914595
0.657946024666
0.953823397461
1.0
1.0
1.0
0.969874779017
0.990874907766
1.0
0.222075345593
1.0
1.0
1.0
1.0
1.0
1.0
1.0
0.557794390077
0.952166648212
0.971376815611
0.626763198335
0.37560922059
1.0
0.499380061211
1.0
1.0
0.576914228918
1.0
1.0
1.0
0.99012635158
0.952803676183
1.0
1.0
0.955369808629
0.976823635749
1.0
1.0
0.990874907766
1.0
1.0
1.0
1.0
0.970274099096
0.246908897925
1.0
1.0
1.0
1.0
0.990874907766
1.0
-0.5
0.947024478389
0.932752622503
1.0
1.0
0.93190649091
1.0
0.951590080998
0.560851893624
1.0
0.605986868871
1.0
1.0
1.0
1.0
1.0
0.953410797946
1.0
1.0
0.974896873341
1.0
0.435573057729
0.9
0.990876032836
1.0
1.0
0.50830857365
1.0
1.0
0.961353079601
0.316137865887
1.0
0.552423495582
1.0
1.0
0.994255400067
1.0
1.0
0.573906364567
0.945164347967
1.0
1.0
0.971214397261
0.977961181203
0.988273169774
1.0
0.991162537588
0.982972405437
0.990515892054
1.0
1.0
1.0
0.990515892054
1.0
1.0
0.991082561683
1.0
1.0
1.0
1.0
1.0
1.0
1.0
0.973848446544
1.0
1.0
0.9
0.963941269686
1.0
1.0
0.990393346835
0.945164347967
1.0
0.34049308908
0.982690671981
0.99001137321
0.960309616538
1.0
1.0
1.0
1.0
1.0
