0.92851545166
0.68085414984
0.626465022914
0.622846046249
0.517772152351
0.863096927397
0.666456131564
0.447409233946
0.518518491412
0.796713528407
0.557713257299
0.62416903877
0.958079502362
0.983035069614
0.914418959871
0.691923574286
0.801922186413
1.0
0.743004014854
0.365262544937
0.712604764387
0.522196108643
0.761779124957
0.969626089493
0.905013301653
0.540795232326
0.90551757993
0.928199176132
0.65340944898
0.990874907766
0.851722341175
0.981031784108
0.693537420116
0.294739296052
0.277207483913
0.71867849964
0.90303687995
0.592096703794
0.818423895227
0.6257931894
0.698264937571
0.876737587904
0.777606677425
0.908055239299
0.859373601504
0.835026148805
0.864629730714
0.194426061628
0.399609747001
0.590462564758
0.806799353198
0.928527640358
0.692425567834
0.536502475366
0.883598035449
0.631439326711
1.0
0.846963402511
0.835754436255
0.546570682305
0.474899838293
0.628526228956
0.553127116724
0.435709696668
0.846994144272
0.812923329405
0.724540935208
0.731403371532
0.617155351166
0.727385113721
0.979391867748
0.68058401879
0.594344198037
0.864765407488
0.822764270685
0.904920821135
-0.5
0.924854687427
0.669957796987
0.944140201558
0.951449798745
0.707380555163
0.898416888582
0.775402063904
0.929246139804
0.594870254357
0.901667640464
0.418255451294
0.856382446135
0.571144818675
0.839925402632
0.930548676533
0.891361343783
0.911249709403
0.670293989717
0.821509764871
0.752804409687
0.779614638305
0.666670718324
0.734161135447
-0.5
0.808447701964
-0.5
0.990874907766
0.534451017564
0.857209098349
0.472167205518
0.568883169235
0.825523395509
0.823542818782
0.91858353118
0.758016214489
0.837285329417
0.59358583811
0.87639279455
0.76780395331
1.0
0.880931095193
0.499568732659
0.847206651295
0.899487602444
0.60387048802
0.732116558851
0.635197534843
0.753216384529
0.583571129004
0.234215925884
0.974048557301
0.83942371014
0.840512819383
0.728889348732
0.752819573373
0.891566025826
0.853770335108
0.449206432293
0.578495737121
0.623943200347
0.576145184097
0.36404773728
0.787033261555
0.41138181644
0.995471105284
0.81828139905
0.468207720853
0.831728680732
0.729484582459
0.621216878385
0.836234606363
0.647452850981
0.650702830459
0.854991906513
0.754381515607
0.922745452495
0.941752259997
0.843009902027
0.689682050472
0.827563594861
0.638765195181
0.657333267501
0.760156001996
0.702019524106
0.196826188995
1.0
1.0
0.687343163093
0.906655839408
0.692281995463
0.732879266327
-0.5
0.700191944975
0.549126136274
0.68820248259
0.910959367158
0.563631964972
0.63829415453
0.710028977568
0.467044050779
0.614549285413
0.467662271956
0.809707374492
0.683820213115
0.760613702574
0.833764438263
1.0
0.748760612361
0.993916605177
0.569878537752
0.949793746683
0.704982067017
0.286818287613
0.565631721317
0.972628098509
0.868629810284
0.814149838149
0.366585397938
0.936934051276
0.757512177654
0.56792512077
0.318111771458
0.974457731896
0.489475225107
0.929571441672
0.685702004767
0.894255400067
0.872399310678
0.994136584887
0.459625915396
0.578514746155
0.958132636386
0.982336855477
0.731243757682
0.794046764053
0.570066400152
0.547854728428
0.848416247817
0.95026746664
0.779753722462
0.763267305727
0.838416733496
0.870544090463
0.797095933584
0.636612660797
0.752733103133
0.642420235305
0.909557636266
0.932859545978
1.0
0.762820870016
0.704982736658
0.883648488207
1.0
0.876225104029
0.685171768381
0.837808968807
0.665163135422
0.508419767479
0.764924494106
0.77704944059
0.773831398062
0.532171071202
0.781146637719
0.347603928054
0.803759302085
0.826968646351
0.593791820459
1.0
0.903718787435
0.889792210638
0.675119382615
0.766412681105
