1.0
0.949915622722
1.0
0.879417965037
0.790000996406
1.0
1.0
0.537069311265
0.668622095733
1.0
0.741156897087
1.0
1.0
1.0
0.913643191784
0.972624723297
0.971547676162
1.0
1.0
0.486613056807
1.0
0.757706882634
0.972624723297
1.0
0.972624723297
0.550357195549
1.0
1.0
1.0
1.0
0.972624723297
0.971547676162
1.0
0.3387790449
0.243796904711
1.0
1.0
1.0
1.0
0.920258642472
0.823417388445
1.0
1.0
1.0
1.0
1.0
0.971547676162
0.213961487549
0.7
1.0
1.0
1.0
0.946734184176
0.7
0.972624723297
0.987882214673
1.0
1.0
1.0
0.7
0.64734767014
0.950473171897
0.64269706609
0.558524180123
0.913643191784
0.795059438162
0.945291078606
1.0
1.0
1.0
1.0
1.0
0.925
1.0
0.995144233256
1.0
-0.5
0.973487612765
0.942029619402
1.0
1.0
0.866297334547
1.0
0.913643191784
1.0
1.0
1.0
0.501119995647
1.0
0.7
1.0
1.0
1.0
1.0
0.972624723297
1.0
1.0
1.0
1.0
1.0
-0.5
0.867462876106
-0.5
1.0
0.78487539124
1.0
0.592772794053
0.7
1.0
1.0
0.972624723297
1.0
1.0
0.812123724116
1.0
1.0
1.0
0.872760743785
0.686977902148
0.861470192383
1.0
1.0
1.0
0.90962433705
0.972624723297
1.0
0.394947491017
1.0
1.0
1.0
1.0
1.0
1.0
1.0
0.564204463205
0.856499944637
0.914130446833
0.614651151647
0.421035982254
1.0
0.52415156834
1.0
1.0
0.498102602305
1.0
1.0
1.0
0.970379054739
0.858411028548
1.0
1.0
0.866109425886
0.930470907246
1.0
1.0
0.972624723297
1.0
1.0
1.0
1.0
0.910822297289
0.273288328352
1.0
1.0
1.0
1.0
0.972624723297
1.0
-0.5
0.841073435168
0.798257867509
1.0
1.0
0.795719472729
1.0
0.854770242994
0.574964010931
1.0
0.642866475225
1.0
1.0
1.0
1.0
1.0
0.860232393838
1.0
1.0
0.924690620024
1.0
0.3387790449
0.7
0.972628098509
1.0
1.0
0.481053259208
1.0
1.0
0.884059238804
0.36367246204
1.0
0.592753332401
1.0
1.0
0.982766200201
1.0
1.0
0.61412742376
0.8354930439
1.0
1.0
0.913643191784
0.933883543608
0.964819509322
1.0
0.973487612765
0.948917216312
0.971547676162
1.0
1.0
1.0
0.971547676162
1.0
1.0
0.97324768505
1.0
1.0
1.0
1.0
1.0
1.0
1.0
0.921545339633
1.0
1.0
0.7
0.891823809058
1.0
1.0
0.971180040506
0.8354930439
1.0
0.43673813162
0.948072015944
0.970034119629
0.880928849615
1.0
1.0
1.0
1.0
1.0
