1.0
0.220079954828
0.8
1.0
0.85
1.0
1.0
-0.5
0.330609243079
0.9
0.7
1.0
1.0
1.0
1.0
0.0898353480589
0.778947368421
1.0
1.0
0.251844107983
1.0
0.280869186504
0.8
0.0
0.8
0.22560594003
-0.5
1.0
0.267469877283
1.0
0.8
0.778947368421
1.0
0.193588025657
-0.5
0.8
1.0
1.0
1.0
0.9
1.0
1.0
0.485294117647
1.0
1.0
-0.5
0.778947368421
0.0854093191744
0.210869483325
1.0
1.0
1.0
0.243544954989
1.0
-0.5
0.768181818182
1.0
1.0
1.0
0.278681786447
0.78993938662
0.85
0.600465702409
0.202840923758
1.0
0.778947368421
0.8
1.0
0.4
1.0
1.0
1.0
0.778947368421
0.0
1.0
1.0
-0.5
0.778947368421
0.208213840262
1.0
1.0
0.778947368421
-0.5
1.0
1.0
1.0
0.0
0.148087828054
1.0
0.190392160912
1.0
1.0
1.0
1.0
0.8
1.0
1.0
1.0
1.0
1.0
-0.5
-0.5
-0.5
1.0
-0.5
1.0
0.581518333988
0.243544954989
1.0
1.0
-0.5
0.150894131737
0.778947368421
0.48
1.0
1.0
1.0
0.727272727273
0.25737203437
0.28625148329
1.0
1.0
0.0959213835172
0.889473684211
0.509090909091
-0.5
0.0730353664379
-0.5
0.957142857143
0.975
1.0
0.8
1.0
1.0
0.221835741405
0.805882352941
0.817391304348
0.253127688671
-0.5
0.8
-0.5
1.0
1.0
0.256406323964
1.0
1.0
1.0
0.742857142857
0.813440611477
1.0
1.0
0.0
0.85
1.0
0.85
0.223450516356
1.0
-0.5
0.0416911154414
1.0
0.863636363636
-0.5
1.0
1.0
0.1922921267
1.0
0.8
0.85
0.85
0.742857142857
0.778947368421
0.0882024825896
0.0
0.447368421053
1.0
0.0
0.647834123462
1.0
0.29094738908
0.8
1.0
-0.5
1.0
1.0
1.0
1.0
1.0
-0.5
1.0
0.193588025657
0.246162869401
0.889473684211
0.4
1.0
-0.5
1.0
1.0
-0.5
-0.5
1.0
0.212903430869
1.0
0.778947368421
1.0
1.0
1.0
1.0
0.240970787336
1.0
0.85
1.0
1.0
0.00501403020992
1.0
0.0
1.0
0.817391304348
1.0
1.0
1.0
0.778947368421
1.0
1.0
0.85
1.0
1.0
0.85
1.0
1.0
1.0
1.0
0.686153846154
1.0
1.0
0.55
0.766666666667
1.0
1.0
0.8
0.94
1.0
0.116948227124
1.0
0.957142857143
0.466666666667
0.957142857143
1.0
1.0
0.85
1.0
