0.933663785116
0.655401492124
0.673053460511
0.570519702947
0.314137108941
0.898591874618
0.772616311698
0.579611744036
0.577481374657
0.949178382102
0.287861787901
0.540312709379
0.859584320329
0.93529160713
0.684024558359
0.447954717982
0.671225355612
1.0
0.725349668929
0.382684138262
0.675025971967
0.732611929512
0.782780956962
0.878504357973
0.896564125844
0.559189770317
0.841672298196
0.982049794033
0.765973547125
0.963499631063
0.868567346177
0.924127136431
0.613711392169
0.0736848240131
0.0693018709782
0.755446845565
0.939972829453
0.785678764126
0.902006712177
0.604727963312
0.382853581133
0.966401190098
0.747954305684
0.912429848678
0.928199469371
0.895390682196
0.7970835011
0.50109632092
0.17607486397
0.649219869822
0.795056305777
0.869032576201
0.667212611243
0.52171476543
0.804185505792
0.768070468881
1.0
0.93949616727
0.855043384081
0.39108762365
0.68279392955
0.631655935113
0.698172082513
0.464553433217
0.698313197688
0.419019879507
0.762068672975
0.606590382728
0.50968839071
0.702075910857
0.917567470993
0.920146004698
0.492028048986
0.966191351872
0.744946037736
0.944980205284
-0.5
0.901274117764
0.660141840145
0.822428990925
0.892808522755
0.567215528411
0.926706559595
0.594431500571
0.980327011928
0.392204135374
0.928541910116
0.707677652259
0.800593419942
0.57772749521
0.840121446303
0.87712688606
0.894848604016
0.960071851095
0.691724369565
0.775298637002
0.674815012625
0.821473637414
0.769582412539
0.933540283862
-0.5
0.571877289137
-0.5
0.963499631063
0.355427380095
0.960312416917
0.568165417287
0.213336242287
0.851179231408
0.77350680118
0.893936103195
0.781070872958
0.65979587712
0.401332452836
0.895174952302
0.841859028181
1.0
0.532211059295
0.599071821607
0.673197896956
0.941496891114
0.683286863852
0.82801660902
0.569847341483
0.745180487003
0.631514695517
0.591371855235
0.896194229204
0.912980927535
0.869811114621
0.879654378535
0.759899888039
0.972891506456
0.925759771632
0.652260759212
0.491701023337
0.657032870463
0.531054992282
0.499718332085
0.915508315389
0.515559204959
0.981884421136
0.812959577654
0.408979786192
0.772721476301
0.908660332594
0.632380272305
0.839043268779
0.685318062406
0.784257328872
0.921946769804
0.340217397122
0.690981809982
0.978709071385
0.928068418075
0.68733057166
0.832685848319
0.801493986738
0.80559432721
0.672358081888
0.611924713325
0.334217066661
1.0
1.0
0.69788671055
0.956952062288
0.874455012584
0.644740449787
-0.5
0.527731574165
0.471546460187
0.922050620647
0.97773984179
0.394839840896
0.72312913175
0.557722882952
0.527748879999
0.768446294587
0.655617042619
0.903680667583
0.764314130405
0.87440687241
0.940393181022
1.0
0.492229764801
0.975666420709
0.747865365395
0.799174986731
0.715948573742
0.0717045719033
0.275735743449
0.890512394034
0.937705130847
0.723089872634
0.368828510522
0.908824502649
0.8866349675
0.54690699745
0.48441680131
0.908850983139
0.630148985087
0.902714250735
0.583718083546
0.594840806425
0.673318397748
0.976546339548
0.63768966145
0.445031025053
0.832530545545
0.929347421908
0.659988544006
0.613098063435
0.648340458723
0.684330197127
0.839869156296
0.80106986656
0.668401399606
0.863460785577
0.882724039064
0.895057221814
0.775581518131
0.820542545191
0.71486724956
0.694162400244
0.812042285404
0.869446913725
1.0
0.823852953545
0.914361747968
0.798750617378
1.0
0.700469222382
0.774638111002
0.92883207136
0.166290783856
0.519245724617
0.729181099236
0.930783533756
0.749333100158
0.413315363044
0.770818124161
0.670085826273
0.75238385338
0.860156990579
0.670542390597
1.0
0.956303682997
0.972448052659
0.620401753158
0.910353170276
