1.0
0.933220830296
1.0
0.698449834137
0.69421448179
1.0
1.0
0.318169644177
0.48769741109
1.0
0.654875862783
1.0
1.0
1.0
0.884857589045
0.963499631063
0.962063568216
1.0
1.0
0.307459149907
1.0
0.421303779756
0.963499631063
1.0
0.963499631063
0.465651015803
1.0
1.0
1.0
1.0
0.963499631063
0.962063568216
1.0
0.290382038486
0.208968775467
1.0
1.0
1.0
1.0
0.809967254765
0.764556517926
1.0
1.0
1.0
1.0
1.0
0.962063568216
0.128113978762
0.6
1.0
1.0
1.0
0.928978912234
0.6
0.963499631063
0.883080421164
1.0
1.0
1.0
0.6
0.678531615197
0.9
0.672330809796
0.304261385636
0.884857589045
0.726745917549
0.927054771475
1.0
1.0
1.0
1.0
1.0
0.9
1.0
0.993525644341
1.0
-0.5
0.964650150354
0.922706159203
1.0
1.0
0.821729779395
1.0
0.884857589045
1.0
1.0
1.0
0.222131742081
1.0
0.696927651336
1.0
1.0
1.0
1.0
0.963499631063
1.0
1.0
1.0
1.0
1.0
-0.5
0.823283834808
-0.5
1.0
0.71316718832
1.0
0.605765113748
0.6
1.0
1.0
0.963499631063
1.0
1.0
0.71842737837
1.0
1.0
1.0
0.83034765838
0.386058051555
0.815293589844
1.0
1.0
1.0
0.879499116066
0.963499631063
1.0
0.109553049657
1.0
1.0
1.0
1.0
1.0
1.0
1.0
0.332753612107
0.80866659285
0.885507262444
0.379691533007
0.211737503854
1.0
0.292196584588
1.0
1.0
0.384609485945
1.0
1.0
1.0
0.960505406319
0.620160917216
1.0
1.0
0.791359586915
0.907294542995
1.0
1.0
0.963499631063
1.0
1.0
1.0
1.0
0.877699535447
0.140231509627
1.0
1.0
1.0
1.0
0.963499631063
1.0
-0.5
0.788097913558
0.731010490012
1.0
1.0
0.697787062768
1.0
0.806360323992
0.563113577126
1.0
0.553271091556
1.0
1.0
1.0
1.0
1.0
0.813643191784
1.0
1.0
0.868847348441
1.0
0.290382038486
0.6
0.963504131345
1.0
1.0
0.313161738522
1.0
1.0
0.845412318406
0.175422340686
1.0
0.319355146304
1.0
1.0
0.977021600268
1.0
1.0
0.591968086643
0.780657391867
1.0
1.0
0.884857589045
0.872624723297
0.953092679096
1.0
0.964650150354
0.93188962175
0.962063568216
1.0
1.0
1.0
0.962063568216
1.0
1.0
0.9
1.0
1.0
1.0
1.0
1.0
1.0
1.0
0.895393786177
1.0
1.0
0.6
0.844877968012
1.0
1.0
0.9
0.780657391867
1.0
0.175422340686
0.930762687925
0.9
0.841238466154
1.0
1.0
1.0
1.0
1.0
