0.934521840692
0.655392250797
0.68444338177
0.56179864573
0.280197935039
0.904507699154
0.795013184271
0.603614675746
0.587308521864
0.974589191051
0.244697373216
0.551180532103
0.85710869389
0.946439640582
0.659183314879
0.426302516885
0.661609596362
1.0
0.752999447628
0.388690235794
0.671589523982
0.76768123299
0.786281262296
0.892825576286
0.895155929875
0.571713418627
0.844850251965
0.991024897017
0.793333777176
0.958937084946
0.87137484701
0.914643028485
0.636617117935
0.0368424120066
0.0346509354891
0.774866153503
0.946128821037
0.818846427563
0.915937181668
0.616498086487
0.345698526122
0.983200595049
0.79167489085
0.91390134604
0.948073877002
0.905451437761
0.796176109831
0.558671151707
0.167667331676
0.666638305943
0.80099218223
0.86515427838
0.664075361622
0.545796212977
0.812852840086
0.790842325909
1.0
0.95491829473
0.869893737516
0.375208463904
0.724638711658
0.638710736526
0.722346243478
0.469360722642
0.673533039924
0.356332539124
0.777408449126
0.600986135695
0.508979178757
0.707430353942
0.907263404868
0.960073002349
0.490350090405
0.983095675936
0.755330019985
0.951656769309
-0.5
0.911546551635
0.658564709929
0.806108261562
0.902494994951
0.547723092361
0.949255871537
0.564269740015
0.990163505964
0.374666956503
0.933020955058
0.760277877948
0.792507226663
0.592183233623
0.84070852822
0.880633516389
0.916834753473
0.96820887471
0.698489488604
0.773834202085
0.662491031622
0.828450137266
0.790947875556
0.966770141931
-0.5
0.5429173782
-0.5
0.958937084946
0.325590107183
0.979292451527
0.584165119249
0.18505699193
0.855455204058
0.77458926371
0.889828198531
0.799051192163
0.632574496305
0.378385246387
0.91785078908
0.855483532212
1.0
0.486833416775
0.623611215278
0.644196437899
0.948498439225
0.708350731865
0.843999950715
0.558955642589
0.75279966964
0.641122012761
0.65089784346
0.900544659111
0.925240463767
0.875358863456
0.912485974182
0.768456352937
0.986445753228
0.937758011053
0.703074574737
0.488299565408
0.687270987166
0.523539960312
0.522330097886
0.936920824361
0.532922103045
0.979619973778
0.820579443567
0.41420591949
0.783958379743
0.938522957616
0.643244473528
0.839511379182
0.69403767712
0.806516411941
0.935392637843
0.298124487982
0.65235453623
0.989354535693
0.943835100874
0.688383863273
0.837917328736
0.838350715262
0.830304503828
0.688629349129
0.608924965845
0.363460320826
1.0
1.0
0.705912138952
0.965334766101
0.904909471295
0.637176025551
-0.5
0.49898817903
0.458616514173
0.961025310324
0.988869920895
0.375832123151
0.745198887609
0.532338533849
0.541229659752
0.7953729633
0.693150832525
0.919342883099
0.780813842288
0.893372400716
0.958164638149
1.0
0.463113119414
0.972624723297
0.777529836669
0.774071860072
0.72462282443
0.0358522859517
0.242375342463
0.876826443289
0.949217684274
0.723031439199
0.369202362619
0.913584763464
0.91694351516
0.546543542766
0.519398770454
0.913753314269
0.664875988012
0.915142929185
0.586199610752
0.572331986741
0.671905495492
0.973614631991
0.667664750772
0.432665951524
0.849882078211
0.920515849647
0.64811267506
0.596798547346
0.661386135151
0.708505398071
0.84718141535
0.77620359988
0.64984267913
0.916105392788
0.890793436022
0.899142743706
0.782525045924
0.85332937681
0.721392984619
0.714493264716
0.800222941557
0.873870499273
1.0
0.834024967467
0.949258249853
0.80681814895
1.0
0.67117657544
0.789549168105
0.946478950234
0.0831453919278
0.528609990224
0.739852122021
0.956915912116
0.745250050508
0.400787863162
0.777680706499
0.727004427537
0.745319399862
0.865688381284
0.686784096205
1.0
0.965067832257
0.98622402633
0.616913852841
0.934343251805
