1.0
0.899831245444
1.0
0.547674751205
0.541321722685
1.0
1.0
0.212113096118
0.45464819915
1.0
0.482313794175
1.0
1.0
1.0
0.827286383568
0.945249446594
0.943095352323
1.0
1.0
0.333673554624
1.0
0.280869186504
0.945249446594
1.0
0.945249446594
0.447472406046
1.0
1.0
1.0
1.0
0.945249446594
0.943095352323
1.0
0.193588025657
0.139312516978
1.0
1.0
1.0
1.0
0.714950882148
0.646834776889
1.0
1.0
1.0
1.0
1.0
0.943095352323
0.0854093191744
0.4
1.0
1.0
1.0
0.893468368351
0.4
0.945249446594
0.824620631746
1.0
1.0
1.0
0.4
0.74089950531
0.85
0.731598297208
0.202840923758
0.827286383568
0.590118876324
0.890582157212
1.0
1.0
1.0
1.0
1.0
0.85
1.0
0.990288466512
1.0
-0.5
0.946975225531
0.884059238804
1.0
1.0
0.732594669093
1.0
0.827286383568
1.0
1.0
1.0
0.148087828054
1.0
0.768493559519
1.0
1.0
1.0
1.0
0.945249446594
1.0
1.0
1.0
1.0
1.0
-0.5
0.734925752212
-0.5
1.0
0.56975078248
1.0
0.631749753136
0.4
1.0
1.0
0.945249446594
1.0
1.0
0.577641067555
1.0
1.0
1.0
0.745521487571
0.25737203437
0.722940384767
1.0
1.0
1.0
0.819248674099
0.945249446594
1.0
0.0730353664379
1.0
1.0
1.0
1.0
1.0
1.0
1.0
0.221835741405
0.712999889274
0.828260893666
0.253127688671
0.141158335903
1.0
0.194797723059
1.0
1.0
0.264231218586
1.0
1.0
1.0
0.940758109478
0.663440611477
1.0
1.0
0.687039380373
0.860941814492
1.0
1.0
0.945249446594
1.0
1.0
1.0
1.0
0.816549303171
0.0934876730844
1.0
1.0
1.0
1.0
0.945249446594
1.0
-0.5
0.682146870337
0.596515735018
1.0
1.0
0.546680594152
1.0
0.709540485988
0.567772448203
1.0
0.518127240012
1.0
1.0
1.0
1.0
1.0
0.720464787676
1.0
1.0
0.803271022661
1.0
0.193588025657
0.4
0.945256197017
1.0
1.0
0.208774492348
1.0
1.0
0.768118477609
0.116948227124
1.0
0.212903430869
1.0
1.0
0.965532400402
1.0
1.0
0.61105421248
0.670986087801
1.0
1.0
0.827286383568
0.808937084946
0.929639018643
1.0
0.946975225531
0.897834432624
0.943095352323
1.0
1.0
1.0
0.943095352323
1.0
1.0
0.85
1.0
1.0
1.0
1.0
1.0
1.0
1.0
0.843090679266
1.0
1.0
0.4
0.767316952017
1.0
1.0
0.85
0.670986087801
1.0
0.116948227124
0.896144031888
0.85
0.761857699231
1.0
1.0
1.0
1.0
1.0
