1.0
0.551806587616
0.9
1.0
0.941666666667
1.0
1.0
-0.5
0.550412308263
0.95
0.861538461538
1.0
1.0
1.0
1.0
0.194711859103
0.889473684211
1.0
1.0
0.485018131032
1.0
0.726920236046
0.9
0.0
0.9
0.606575100936
-0.5
1.0
0.548072285246
1.0
0.9
0.889473684211
1.0
0.381636187757
-0.5
0.9
1.0
1.0
1.0
0.95
1.0
1.0
0.795798319328
1.0
1.0
-0.5
0.897368421053
0.266547155364
0.475733496448
1.0
1.0
1.0
0.476203671231
1.0
-0.5
0.963863636364
1.0
1.0
1.0
0.65435979295
0.671867610795
0.958333333333
0.57713076869
0.583543045147
1.0
0.889473684211
0.9
1.0
0.746153846154
1.0
1.0
1.0
0.889473684211
0.0
1.0
1.0
-0.5
0.889473684211
0.610802791887
1.0
1.0
0.889473684211
-0.5
1.0
1.0
1.0
0.0
0.362714070612
1.0
0.449152135858
1.0
1.0
1.0
1.0
0.9
1.0
1.0
1.0
1.0
1.0
-0.5
-0.5
-0.5
1.0
-0.5
1.0
0.567657084479
0.552519460704
1.0
1.0
-0.5
0.38406473054
0.889473684211
0.74
1.0
1.0
1.0
0.863636363636
0.639874744358
0.725940095758
1.0
1.0
0.353651894839
0.944736842105
0.754545454545
-0.5
0.427811891266
-0.5
0.978571428571
0.9875
1.0
0.9
1.0
1.0
0.623212547459
0.923345588235
0.908695652174
0.480473455175
-0.5
0.9
-0.5
1.0
1.0
0.494990582134
1.0
1.0
1.0
0.871428571429
0.673521070086
1.0
1.0
0.0
0.925
1.0
0.9375
0.437192249777
1.0
-0.5
0.172959452022
1.0
0.931818181818
-0.5
1.0
1.0
0.460863980032
1.0
0.9
0.941666666667
0.958333333333
0.871428571429
0.889473684211
0.454354344532
0.0
0.737894736842
1.0
0.0
0.632393926585
1.0
0.342491264224
0.9
1.0
-0.5
1.0
1.0
1.0
1.0
1.0
-0.5
1.0
0.3762790449
0.510785021452
0.944736842105
1.0
1.0
-0.5
1.0
1.0
-0.5
-0.5
1.0
0.448199135889
1.0
0.889473684211
1.0
1.0
1.0
1.0
0.522413163553
1.0
0.958333333333
1.0
1.0
0.0987745528674
1.0
0.0
1.0
0.908695652174
1.0
1.0
1.0
0.889473684211
1.0
1.0
0.933823529412
1.0
1.0
0.948076923077
1.0
1.0
1.0
1.0
0.863117408907
1.0
1.0
0.775
0.903007518797
1.0
1.0
0.9
0.97
1.0
0.268945111753
1.0
0.978571428571
0.733333333333
0.978571428571
1.0
1.0
0.941666666667
1.0
