1.0
0.933220830296
1.0
0.839223953383
0.720001328541
1.0
1.0
0.578336486877
0.682966457043
1.0
0.654875862783
1.0
1.0
1.0
0.884857589045
0.963499631063
0.962063568216
1.0
1.0
0.478006770239
1.0
0.776218188092
0.963499631063
1.0
0.963499631063
0.559830850441
1.0
1.0
1.0
1.0
0.963499631063
0.962063568216
1.0
0.290382038486
0.208968775467
1.0
1.0
1.0
1.0
0.893678189962
0.764556517926
1.0
1.0
1.0
1.0
1.0
0.962063568216
0.289693480108
0.6
1.0
1.0
1.0
0.928978912234
0.621481570743
0.963499631063
0.983842952897
1.0
1.0
1.0
0.6
0.678531615197
0.933964229196
0.672330809796
0.575664803699
0.884857589045
0.726745917549
0.927054771475
1.0
1.0
1.0
1.0
1.0
0.9
1.0
0.993525644341
1.0
-0.5
0.964650150354
0.922706159203
1.0
1.0
0.821729779395
1.0
0.884857589045
1.0
1.0
1.0
0.544753470818
1.0
0.696927651336
1.0
1.0
1.0
1.0
0.963499631063
1.0
1.0
1.0
1.0
1.0
-0.5
0.823283834808
-0.5
1.0
0.71316718832
1.0
0.605765113748
0.6
1.0
1.0
0.963499631063
1.0
1.0
0.749498298822
1.0
1.0
1.0
0.83034765838
0.701493840889
0.815293589844
1.0
1.0
1.0
0.879499116066
0.963499631063
1.0
0.481383563729
1.0
1.0
1.0
1.0
1.0
1.0
1.0
0.567409499769
0.80866659285
0.885507262444
0.608595128304
0.443749363087
1.0
0.536537321904
1.0
1.0
0.5076943246
1.0
1.0
1.0
0.960505406319
0.811214704731
1.0
1.0
0.821479234515
0.907294542995
1.0
1.0
0.963499631063
1.0
1.0
1.0
1.0
0.881096396385
0.286478043565
1.0
1.0
1.0
1.0
0.963499631063
1.0
-0.5
0.788097913558
0.731010490012
1.0
1.0
0.727625963639
1.0
0.806360323992
0.582020069585
1.0
0.687073457036
1.0
1.0
1.0
1.0
1.0
0.813643191784
1.0
1.0
0.899587493365
1.0
0.290382038486
0.6
0.963504131345
1.0
1.0
0.467425601987
1.0
1.0
0.845412318406
0.387439760117
1.0
0.61291825081
1.0
1.0
0.977021600268
1.0
1.0
0.634237953356
0.780657391867
1.0
1.0
0.884857589045
0.911844724811
0.953092679096
1.0
0.964650150354
0.93188962175
0.962063568216
1.0
1.0
1.0
0.962063568216
1.0
1.0
0.964330246734
1.0
1.0
1.0
1.0
1.0
1.0
1.0
0.895393786177
1.0
1.0
0.6
0.855765078745
1.0
1.0
0.961573387341
0.780657391867
1.0
0.48486065289
0.930762687925
0.960045492839
0.841238466154
1.0
1.0
1.0
1.0
1.0
