1.0
0.551271020767
0.933333333333
1.0
0.961111111111
1.0
1.0
-0.5
0.575471209443
0.966666666667
0.907692307692
1.0
1.0
1.0
1.0
0.204670696118
0.926315789474
1.0
1.0
0.494156059526
1.0
0.718671146118
0.933333333333
0.0
0.933333333333
0.592388350649
-0.5
1.0
0.5882730879
1.0
0.933333333333
0.926315789474
1.0
0.415747479886
-0.5
0.933333333333
1.0
1.0
1.0
0.966666666667
1.0
1.0
0.863865546218
1.0
1.0
-0.5
0.931578947368
0.245818638349
0.486552567369
1.0
1.0
1.0
0.520423243311
1.0
-0.5
0.975909090909
1.0
1.0
1.0
0.668474684006
0.632510352187
0.972222222222
0.56935245745
0.558062799896
1.0
0.926315789474
0.933333333333
1.0
0.830769230769
1.0
1.0
1.0
0.926315789474
0.0
1.0
1.0
-0.5
0.926315789474
0.580713394809
1.0
1.0
0.926315789474
-0.5
1.0
1.0
1.0
0.0
0.365215903787
1.0
0.442322783363
1.0
1.0
1.0
1.0
0.933333333333
1.0
1.0
1.0
1.0
1.0
-0.5
-0.5
-0.5
1.0
-0.5
1.0
0.563036667977
0.571300436294
1.0
1.0
-0.5
0.381788263474
0.926315789474
0.826666666667
1.0
1.0
1.0
0.909090909091
0.641059858214
0.72250296658
1.0
1.0
0.315702416157
0.963157894737
0.836363636364
-0.5
0.346070732876
-0.5
0.985714285714
0.991666666667
1.0
0.933333333333
1.0
1.0
0.600338149477
0.948897058824
0.939130434783
0.531255377343
-0.5
0.933333333333
-0.5
1.0
1.0
0.537812647927
1.0
1.0
1.0
0.914285714286
0.626881222955
1.0
1.0
0.0
0.95
1.0
0.958333333333
0.477670263481
1.0
-0.5
0.150048897549
1.0
0.954545454545
-0.5
1.0
1.0
0.45151372154
1.0
0.933333333333
0.961111111111
0.972222222222
0.914285714286
0.926315789474
0.376404965179
0.0
0.825263157895
1.0
0.0
0.606194562713
1.0
0.359672555938
0.933333333333
1.0
-0.5
1.0
1.0
1.0
1.0
1.0
-0.5
1.0
0.412176051315
0.545659072136
0.963157894737
1.0
1.0
-0.5
1.0
1.0
-0.5
-0.5
1.0
0.47621894965
1.0
0.926315789474
1.0
1.0
1.0
1.0
0.549084431815
1.0
0.972222222222
1.0
1.0
0.0700280604198
1.0
0.0
1.0
0.939130434783
1.0
1.0
1.0
0.926315789474
1.0
1.0
0.955882352941
1.0
1.0
0.965384615385
1.0
1.0
1.0
1.0
0.908744939271
1.0
1.0
0.85
0.935338345865
1.0
1.0
0.933333333333
0.98
1.0
0.276753597106
1.0
0.985714285714
0.822222222222
0.985714285714
1.0
1.0
0.961111111111
1.0
