0.827983003587
0.467329228346
0.48405405191
0.371420035621
0.327174279897
0.736571853418
0.604180395047
0.229029851259
0.300224556867
0.747945955254
0.342854550106
0.465710229609
0.895198755906
0.810263022106
0.678035993153
0.522171488381
0.666944853964
1.0
0.597523309456
0.224232337332
0.585467039764
0.226028750843
0.680305616363
0.924065223733
0.831662756539
0.34597199849
0.827983003587
0.884191837287
0.518142486377
0.977187269414
0.763834573875
0.952579460269
0.537993902412
0.184212060033
0.173254677446
0.568536935917
0.852098170185
0.401634203312
0.776881970368
0.428675560753
0.51355145376
0.800333287167
0.573365351221
0.890798518087
0.876073783711
0.782452318837
0.773578426739
0.0779240450818
0.247525286873
0.441632397922
0.717670576797
0.86753010828
0.505488171154
0.284995928142
0.712652403609
0.430157962384
1.0
0.843207323754
0.693408381527
0.304710820232
0.364158226492
0.446143739704
0.57118937441
0.213047558909
0.745003885155
0.615971604456
0.561264876443
0.542603441307
0.50121476988
0.647126321386
0.916666666667
0.508698345077
0.401766433064
0.79047837968
0.64751207851
0.862450513209
-0.5
0.895799999511
0.497480239761
0.860350503895
0.798733392374
0.516582609058
0.809076832455
0.684916782237
0.903375707008
0.443142397599
0.82135477529
0.162512512234
0.782623291824
0.399919957849
0.737550142151
0.846089126619
0.809682795186
0.865752923082
0.515477200247
0.788443603044
0.645468832011
0.716164152635
0.589130402365
0.589688663666
-0.5
0.64772608898
-0.5
0.977187269414
0.381938172934
0.833749306664
0.43374609827
0.345532297945
0.783485725104
0.728638131952
0.842045119278
0.627052548733
0.731794471323
0.372604125085
0.727054668361
0.698011190737
1.0
0.67995910811
0.240118536809
0.676868940792
0.81030136646
0.470667140125
0.60007493773
0.511197694731
0.612685930161
0.471294970083
0.0693192605199
0.935121393252
0.782452318837
0.69971489315
0.614375905842
0.594017501367
0.848895432808
0.789886928134
0.204323667246
0.357826894431
0.403172795986
0.295587624017
0.159412102839
0.705437455139
0.188328010133
0.98867776321
0.740082041898
0.266348200441
0.742452299688
0.626546332874
0.456209940893
0.730323861928
0.454487200664
0.469758998827
0.794014579304
0.528150854874
0.806863631239
0.910179778155
0.828471116177
0.578404609913
0.739825714888
0.479761132331
0.528956457132
0.547024526746
0.554097287815
0.0763882733858
1.0
1.0
0.511401690993
0.861611882557
0.602675937952
0.605865400032
-0.5
0.61396175957
0.370839899374
0.555126551619
0.861016271141
0.359347911639
0.506820414408
0.552365774547
0.404458788951
0.475327167012
0.333063634968
0.722524805064
0.590865918222
0.694674656315
0.732444095339
1.0
0.548299792863
0.984791512943
0.443770540112
0.836059185551
0.576113414324
0.179261429758
0.365888911744
0.931570246272
0.638974484215
0.708229120556
0.182918846872
0.895461232012
0.656253430396
0.402861867041
0.131550363963
0.924023741845
0.231138102149
0.86246663317
0.511919104318
0.735638500167
0.74086215174
0.985341462217
0.346053222509
0.368553053345
0.875
0.9375
0.614879071991
0.623887904421
0.455889960676
0.38364886472
0.836340630456
0.8756686666
0.669917630261
0.651736337913
0.736996181942
0.798851095684
0.626635310421
0.495984683
0.641219715882
0.467365657602
0.792308895767
0.869824429468
1.0
0.64867183941
0.584261533111
0.821817167688
1.0
0.736644326982
0.630223586051
0.771072213327
0.415726959639
0.336548064334
0.573167000183
0.61489382775
0.672248748682
0.364868307747
0.73124317482
0.123134794543
0.660780234512
0.689202932471
0.362865948324
1.0
0.859761911124
0.806120131649
0.466856765068
0.710452424036
