0.808219736203
0.190511724284
0.387243241528
0.655537506939
0.365510200062
0.72997979554
0.597927649371
-0.5
0.212061040034
0.673356764203
0.322252953061
0.580983724624
0.619230769231
0.781818181818
0.7
0.071268040968
0.519450099708
1.0
0.565518647565
0.177678508205
0.547639090829
0.180823000675
0.568578072382
0.0
0.68593889498
0.201604663984
-0.5
0.878782041258
0.194235192817
0.9
0.638442935803
0.778947368421
0.547946142338
0.147369648026
-0.5
0.45397845965
1.0
0.37130736265
0.770770637043
0.443798865007
0.757756156464
0.765266629733
0.367416304427
0.887638814469
0.794807096212
-0.5
0.631173845708
0.0623392360654
0.154459710538
0.415210680243
0.864279831586
0.698895013415
0.183089090713
0.356964338531
-0.5
0.376039393789
0.866666666667
0.820892103481
0.657730773061
0.189693084284
0.379079137027
0.406914991763
0.486122044234
0.170438047127
0.85862178392
0.751900318064
0.485484515417
0.484082753045
0.25226238587
0.587178221758
1.0
0.490292009395
0.309995583668
0.0
0.697358081412
0.856627077234
-0.5
0.748742423327
0.173408287588
0.847692307692
0.73619047619
0.49187488176
-0.5
1.0
0.897700565607
0.503416962742
0.0
0.1360272397
0.821827038445
0.163007773342
0.691716040333
0.875510854904
0.793579569482
0.859269005132
0.544874171157
1.0
0.643621266861
0.706264655441
0.589389855211
0.571750930932
-0.5
-0.5
-0.5
0.9
-0.5
0.835749445331
0.401067120638
0.167286249798
0.776788580084
0.745995156484
-0.5
0.150894131737
0.622993988136
0.285131106889
0.748310401356
0.613329837359
1.0
0.64375
0.199008963744
0.2259715757
0.688294935756
0.469221462109
0.0849514656184
0.552266057263
0.403601847832
-0.5
0.0643373959834
-0.5
0.743818997927
0.572085451583
0.585836257494
0.509420131592
1.0
0.706909542507
0.164807267145
0.412864820963
0.341463735049
0.236470099214
-0.5
0.564349964111
-0.5
0.959090909091
1.0
0.205598338879
0.623811105834
0.559570399632
0.470773137985
0.591262211366
0.4680434423
0.442473865728
0.766461663443
0.0
0.85
0.662953235322
0.583005112137
0.170405363487
0.695572916316
-0.5
0.0416911154414
0.559625818147
0.495382413093
-0.5
0.733333333333
0.9
0.170519228499
0.772622839379
0.539015904085
0.597281867073
0.479671616842
0.645928636955
0.420640358703
0.0882024825896
0.0
0.269294352238
0.475456331526
0.0
0.375447991634
0.497117532681
0.21471486316
0.578019844051
0.764347857695
-0.5
0.719288609604
1.0
0.655631434875
0.866666666667
0.425016432089
-0.5
0.546521923375
0.143409143807
0.218114959111
0.834210526316
0.307362822058
0.621674296157
-0.5
0.550323362273
0.556442248632
-0.5
-0.5
0.895905009595
0.184910481719
0.900409535461
0.341473397216
0.863636363636
0.977941176471
0.978571428571
0.564626853874
0.164759004888
0.86875
0.825
0.70199819823
0.472485179658
0.00501403020992
0.708341630836
0.0
0.95
0.625375467654
0.63626456305
0.632400229126
0.78491420988
0.580612720168
0.639050441879
0.395317380566
0.320883742423
0.824289802152
0.861919181579
0.669787084351
0.627270804861
0.574075893155
0.800811328074
1.0
0.531616466857
0.638848520869
0.750131844093
0.407581567711
0.299685626131
0.619272739097
0.5919150622
0.612798998945
0.411675515576
0.722494539856
0.0985078356344
0.579013200035
0.744219488834
0.252900375109
0.957142857143
0.854476195566
0.794896105319
0.42015603238
0.635028605895
