0.867509538356
0.565402031606
0.54434233934
0.478967285646
0.430564768
0.78244922338
0.6166858864
0.320641791763
0.378869070252
0.747124337356
0.465362806739
0.544141993462
0.937119253544
0.886157813263
0.806821595892
0.632087406389
0.741454056621
1.0
0.661532633238
0.264037964262
0.642200899958
0.316440251181
0.710094775533
0.95443913424
0.86212953136
0.41584160013
0.867509538356
0.895011429345
0.570781613045
0.986312361649
0.796743680128
0.971547676162
0.624620034806
0.257896884046
0.242556548424
0.630100621201
0.862023513211
0.462287884637
0.782354364718
0.511153093162
0.636693776301
0.820466602033
0.674065461643
0.897117925321
0.861360457347
0.795433246372
0.819005112278
0.109093663114
0.346535401623
0.494475833282
0.76307214085
0.899861796332
0.584627252775
0.398994299398
0.796094990901
0.496065989402
1.0
0.832372053289
0.748775801977
0.426595148324
0.388632577114
0.524601235586
0.544625142564
0.298266582473
0.805624115013
0.747272754422
0.622243441283
0.659644817829
0.569336219994
0.683348751431
0.95
0.545511016441
0.503258550279
0.806669731552
0.731913746392
0.87409738516
-0.5
0.915169791455
0.568645678204
0.916210302337
0.879240035425
0.612350762984
0.841040898771
0.745240303349
0.914725989812
0.537066023305
0.849896685406
0.227517517127
0.816734346873
0.470913940417
0.780845589282
0.889062159895
0.841889246594
0.878720758981
0.580018318312
0.810487710929
0.699132964036
0.735963147022
0.61474309663
0.625564129132
-0.5
0.744005395025
-0.5
0.986312361649
0.466813129115
0.829749029329
0.4363147796
0.483745217124
0.796880015146
0.774512115938
0.87594680777
0.677219652586
0.802121710052
0.48669622714
0.784543202373
0.709883804549
1.0
0.807975464866
0.336165951532
0.768205192239
0.84108857971
0.518933996174
0.640104912823
0.569510989891
0.677166188663
0.509812958116
0.0970469647279
0.961072835951
0.795433246372
0.752182244616
0.642983411036
0.681093790307
0.855120272598
0.805841699387
0.286053134144
0.459224333634
0.507340461892
0.413822673624
0.223176943974
0.720945770527
0.263659214187
0.993206657926
0.773614858657
0.363220756029
0.789433219563
0.64383153269
0.532027250583
0.77231367138
0.531282080929
0.524329265025
0.811620411025
0.675624667852
0.884118178743
0.924251689417
0.830024390138
0.626123411102
0.776021988973
0.521665585263
0.560539039985
0.659602225001
0.629279885149
0.10694358274
1.0
1.0
0.582629034057
0.872923302247
0.60895480019
0.681544893378
-0.5
0.67144854984
0.453670614117
0.577177172266
0.872089446263
0.470491388705
0.569548580171
0.635738535037
0.421969756942
0.510861155118
0.383150919615
0.744868060423
0.627212285511
0.705877852174
0.758755066807
1.0
0.66268823367
0.990874907766
0.481278756156
0.901635511331
0.629689971969
0.250966001662
0.49641928149
0.958942147763
0.727897611234
0.771611768491
0.256086385621
0.916145724816
0.685421469221
0.471976994455
0.184170509548
0.954414245107
0.323593343008
0.892889515363
0.610341665867
0.8413831001
0.821829819226
0.99120487733
0.37627010082
0.472960609953
0.925
0.9625
0.670925641424
0.716208836568
0.491123995324
0.437108410608
0.842310489603
0.92540119996
0.728699043523
0.702306365798
0.771656761821
0.82672486729
0.703048855056
0.527711889533
0.691893607297
0.541811920642
0.853425139613
0.904051934498
1.0
0.691473908507
0.604632813022
0.858877368097
1.0
0.815910755354
0.648979687138
0.788343353908
0.582017743494
0.409947798065
0.658382176476
0.66085135885
0.716148248154
0.450596500224
0.748740444748
0.17238871236
0.725481340742
0.739884105459
0.450574597617
1.0
0.87033334224
0.828568184308
0.56103754019
0.727966726984
