1.0
0.849746868166
1.0
0.321512126808
0.311982584028
1.0
1.0
0.0530282740295
0.40507438124
1.0
0.223470691262
1.0
1.0
1.0
0.740929575352
0.917874169891
0.914643028485
1.0
1.0
0.373205196957
1.0
0.0702172966261
0.917874169891
1.0
0.917874169891
0.42020449141
1.0
1.0
1.0
1.0
0.917874169891
0.914643028485
1.0
0.0483970064143
0.0348281292445
1.0
1.0
1.0
1.0
0.572426323222
0.470252165334
1.0
1.0
1.0
1.0
1.0
0.914643028485
0.0213523297936
0.1
1.0
1.0
1.0
0.840202552527
0.1
0.917874169891
0.736930947618
1.0
1.0
1.0
0.1
0.83445134048
0.775
0.820499528327
0.0507102309394
0.740929575352
0.385178314486
0.835873235818
1.0
1.0
1.0
1.0
1.0
0.775
1.0
0.985432699767
1.0
-0.5
0.920462838296
0.826088858206
1.0
1.0
0.59889200364
1.0
0.740929575352
1.0
1.0
1.0
0.0370219570136
1.0
0.875842421793
1.0
1.0
1.0
1.0
0.917874169891
1.0
1.0
1.0
1.0
1.0
-0.5
0.602388628317
-0.5
1.0
0.354626173719
1.0
0.670726712219
0.1
1.0
1.0
0.917874169891
1.0
1.0
0.366461601332
1.0
1.0
1.0
0.618282231356
0.0643430085925
0.58441057715
1.0
1.0
1.0
0.728873011149
0.917874169891
1.0
0.0182588416095
1.0
1.0
1.0
1.0
1.0
1.0
1.0
0.0554589353512
0.569499833912
0.742391340499
0.0632819221678
0.0352895839757
1.0
0.0486994307647
1.0
1.0
0.17480845626
1.0
1.0
1.0
0.911137164217
0.728360152869
1.0
1.0
0.530559070559
0.791412721738
1.0
1.0
0.917874169891
1.0
1.0
1.0
1.0
0.724823954756
0.0233719182711
1.0
1.0
1.0
1.0
0.917874169891
1.0
-0.5
0.523220305505
0.394773602527
1.0
1.0
0.320020891228
1.0
0.564310728983
0.574760754819
1.0
0.465411462697
1.0
1.0
1.0
1.0
1.0
0.580697181514
1.0
1.0
0.704906533992
1.0
0.0483970064143
0.316125169129
0.917884295526
1.0
1.0
0.052193623087
1.0
1.0
0.652177716413
0.029237056781
1.0
0.0532258577173
1.0
1.0
0.948298600603
1.0
1.0
0.639683401234
0.506479131701
1.0
1.0
0.740929575352
0.713405627419
0.894458527965
1.0
0.920462838296
0.846751648936
0.914643028485
1.0
1.0
1.0
0.914643028485
1.0
1.0
0.775
1.0
1.0
1.0
1.0
1.0
1.0
1.0
0.764636018899
1.0
1.0
0.1
0.650975428026
1.0
1.0
0.775
0.506479131701
1.0
0.029237056781
0.844216047832
0.775
0.642786548846
1.0
1.0
1.0
1.0
1.0
