0.893203005357
0.646108698627
0.671296199367
0.837232315504
0.509189130635
0.942182880226
0.780204108947
-0.5
0.368359190388
0.815845048768
0.465498235082
0.838668985296
0.493205585381
0.937403286083
0.793217567905
0.196860943039
0.507037097561
1.0
0.704497341109
0.391619610213
0.599190154584
0.631798054959
0.624459976362
0.0
0.696033266458
0.665508214345
-0.5
0.982049794033
0.37704542208
0.866666666667
0.69027409948
0.705263157895
0.635496251074
0.666253592286
-0.5
0.629252033789
1.0
0.71755433343
0.897506530643
0.630560787551
0.953878078232
0.910845634543
0.344200496552
0.921204708144
0.804057291881
-0.5
0.69614247841
0.640242392067
0.389592360683
0.645700578217
0.971766522981
0.683259152366
0.2812881351
0.80234320983
-0.5
0.746084150252
0.822222222222
0.925128591423
0.855583223678
0.476872685933
0.792475043962
0.47678646707
0.574020774439
0.529329299253
0.898339232041
0.687792264295
0.661582837419
0.584564633475
0.433945464346
0.644507754367
1.0
0.920146004698
0.535287182936
0.0
0.844023533369
0.960666479794
-0.5
0.68358173798
0.567339064429
0.815751441945
0.889095095069
0.616515678285
-0.5
1.0
0.980327011928
0.571759555329
0.0
0.438285903377
0.881446677815
0.504599182522
0.791591947728
0.948380427452
0.859785816487
0.95022273786
0.681604221239
1.0
0.768115700912
0.812171229322
0.801814448131
0.933540283862
-0.5
-0.5
-0.5
0.866666666667
-0.5
0.958584903055
0.524224036509
0.536917518017
0.786923701806
0.788338008426
-0.5
0.395447065869
0.584702735695
0.450586287088
0.927470923072
0.813821221866
1.0
0.532142857143
0.584138983806
0.51298578785
0.800103350231
0.675228977954
0.467388013511
0.707507467315
0.313846378462
-0.5
0.796613142436
-0.5
0.905838070392
0.816613243461
0.83707891891
0.629217808366
1.0
0.82108893018
0.726755636999
0.561917673412
0.643787622025
0.276747628981
-0.5
0.665080964961
-0.5
0.945454545455
1.0
0.300120651385
0.634396208386
0.811417144233
0.67968927262
0.629916819969
0.70902172115
0.695357327592
0.910167631764
0.0
0.8
0.77474584843
0.719280333846
0.407204688459
0.807390649622
-0.5
0.287512224387
0.664746523567
0.61558675702
-0.5
0.677731597527
0.866666666667
0.397675299799
0.814235396298
0.737274979689
0.635407722527
0.611084878367
0.608678604192
0.598244749116
0.844101241295
0.0
0.229106240447
0.742589411871
0.0
0.702703477357
0.800101319314
0.217532870176
0.689009922026
0.916264837938
-0.5
0.933718378876
1.0
0.809362138327
0.832439613724
0.73916255062
-0.5
0.724438614975
0.186856087055
0.286835257333
0.778947368421
0.953681411029
0.702335712577
-0.5
0.65434846091
0.738799367561
-0.5
-0.5
0.964213957805
0.504547778622
0.970397075423
0.486237357308
0.818181818182
0.970588235294
0.971428571429
0.702347516908
0.346740636005
0.847619047619
0.811111111111
0.814635462751
0.9016837663
0.242507015105
0.954170815418
0.0
0.942626830723
0.691108786459
0.876590415191
0.749089829453
0.909654096515
0.669253728505
0.851389938536
0.693131060565
0.503703641447
0.900880810743
0.887625862584
0.723835849868
0.725418445358
0.913191792731
0.831376621558
1.0
0.503930140761
0.744483188222
0.910814236356
0.366290783856
0.483192765507
0.709719617371
0.925594901375
0.636399499473
0.588245673229
0.822513201158
0.218566087129
0.623287649793
0.906038315845
0.394996270849
0.942857142857
0.958719579264
0.972448052659
0.57168547016
0.832575392498
