1.0
0.649941707901
0.766666666667
1.0
0.863888888889
1.0
1.0
-0.5
0.462326831918
0.883333333333
0.676923076923
1.0
1.0
1.0
1.0
0.22355727871
0.742105263158
1.0
1.0
0.448466417059
1.0
0.759916595761
0.766666666667
0.0
0.766666666667
0.663322102082
-0.5
1.0
0.400977990241
1.0
0.766666666667
0.742105263158
1.0
0.732392639361
-0.5
0.766666666667
1.0
1.0
1.0
0.883333333333
1.0
1.0
0.523529411765
1.0
1.0
-0.5
0.760526315789
0.644846740054
0.490118873925
1.0
1.0
1.0
0.358661810194
1.0
-0.5
0.915681818182
1.0
1.0
1.0
0.597900228724
0.829296645228
0.902777777778
0.608244013649
0.685464026152
1.0
0.742105263158
0.766666666667
1.0
0.468270422411
1.0
1.0
1.0
0.742105263158
0.0
1.0
1.0
-0.5
0.742105263158
0.731160380196
1.0
1.0
0.742105263158
-0.5
1.0
1.0
1.0
0.0
0.44372654687
1.0
0.535350915368
1.0
1.0
1.0
1.0
0.766666666667
1.0
1.0
1.0
1.0
1.0
-0.5
-0.5
-0.5
1.0
-0.5
1.0
0.586138750491
0.552520330288
1.0
1.0
-0.5
0.393170598803
0.742105263158
0.516751879134
1.0
1.0
1.0
0.681818181818
0.635134288935
0.739688612468
1.0
1.0
0.505449809568
0.871052631579
0.427272727273
-0.5
0.754776524828
-0.5
0.95
0.970833333333
1.0
0.766666666667
1.0
1.0
0.783621922977
0.821139705882
0.786956521739
0.349654282705
-0.5
0.766666666667
-0.5
1.0
1.0
0.369517402309
1.0
1.0
1.0
0.7
0.860080458608
1.0
1.0
0.0
0.825
1.0
0.854166666667
0.48789139564
1.0
-0.5
0.264601669914
1.0
0.840909090909
-0.5
1.0
1.0
0.498265013999
1.0
0.766666666667
0.863888888889
0.902777777778
0.7
0.742105263158
0.766151861942
0.0
0.388421052632
1.0
0.0
0.812296505055
1.0
0.273766097366
0.766666666667
1.0
-0.5
1.0
1.0
1.0
1.0
1.0
-0.5
1.0
0.232691019243
0.371288818718
0.871052631579
1.0
1.0
-0.5
1.0
1.0
-0.5
-0.5
1.0
0.572861665236
1.0
0.742105263158
1.0
1.0
1.0
1.0
0.415728090502
1.0
0.902777777778
1.0
1.0
0.213760522657
1.0
0.0
1.0
0.786956521739
1.0
1.0
1.0
0.742105263158
1.0
1.0
0.845588235294
1.0
1.0
0.878846153846
1.0
1.0
1.0
1.0
0.680607287449
1.0
1.0
0.475
0.773684210526
1.0
1.0
0.766666666667
0.93
1.0
0.237711170343
1.0
0.95
0.488716763803
0.95
1.0
1.0
0.863888888889
1.0
