0.847746270972
0.285767586425
0.469753751181
0.717102556705
0.438890300093
0.770408289801
0.610433140724
-0.5
0.297637014596
0.697535146305
0.395879429591
0.621475586936
0.746153846154
0.854545454545
0.8
0.106902061452
0.630706020007
1.0
0.629527971347
0.226479385799
0.624867727152
0.271234501012
0.630644886351
0.0
0.759902494517
0.302406995977
-0.5
0.889601633316
0.291352789225
0.933333333333
0.707664403704
0.852631578947
0.616817172691
0.221054472039
-0.5
0.543467689475
1.0
0.431961043975
0.777368076776
0.518435225614
0.761634234697
0.793733277933
0.50771200394
0.893958221704
0.809634886742
-0.5
0.716497610667
0.0935088540981
0.231689565807
0.468054115602
0.858919747379
0.78204978508
0.274633636069
0.410446507796
-0.5
0.449002272502
0.911111111111
0.819301118184
0.715762826258
0.284539626427
0.390987126593
0.485372487645
0.492340961087
0.255657070691
0.871266009213
0.816008371833
0.561560106459
0.601124129568
0.378393578805
0.637346280005
1.0
0.527104680759
0.380782849186
0.0
0.742347266868
0.868273949185
-0.5
0.813903108675
0.260112431382
0.898461538462
0.824126984127
0.579917585797
-0.5
1.0
0.90905084841
0.577347666336
0.0
0.20404085955
0.837185002112
0.244511660013
0.735301333227
0.897641282356
0.82578602089
0.872236841032
0.622866812292
1.0
0.665431900291
0.726063649828
0.610647282816
0.607626396399
-0.5
-0.5
-0.5
0.933333333333
-0.5
0.831749167996
0.414100680957
0.250929374697
0.790182870125
0.798767040282
-0.5
0.226341197606
0.697648876941
0.414601422239
0.7891322687
0.654118519077
1.0
0.7625
0.298513445616
0.338957363549
0.726192403634
0.516332193164
0.127427198428
0.587171015718
0.549720953567
-0.5
0.0965060939751
-0.5
0.767514211176
0.65835139166
0.610897243384
0.610182828966
1.0
0.74786431376
0.247210900718
0.506552133405
0.433934733009
0.354705148821
-0.5
0.624302723944
-0.5
0.972727272727
1.0
0.308397508318
0.685716658751
0.596300043893
0.531159706977
0.672607602763
0.45206516345
0.497044131926
0.790317495164
0.0
0.9
0.681929852984
0.624507668205
0.255608045231
0.740487410911
-0.5
0.0625366731621
0.64968782686
0.588559730751
-0.5
0.822222222222
0.933333333333
0.255778842748
0.811712036846
0.565468300572
0.69453391172
0.563257425262
0.683178669718
0.473065801213
0.132303723884
0.0
0.387494159936
0.53818449729
0.0
0.42994830324
0.55222391807
0.255405628073
0.644807543855
0.771521786542
-0.5
0.745599581073
1.0
0.715177921544
0.911111111111
0.462524648134
-0.5
0.601032885062
0.21511371571
0.327172438667
0.889473684211
0.461044233087
0.703344777569
-0.5
0.57548504341
0.605496706281
-0.5
-0.5
0.912607514392
0.277365722579
0.913114303191
0.420442162985
0.909090909091
0.985294117647
0.985714285714
0.597488526425
0.247138507332
0.9125
0.883333333333
0.719663964011
0.521227769487
0.00752104531488
0.729179112921
0.0
0.966666666667
0.689207366241
0.683563511242
0.696149363297
0.812787981487
0.660392764463
0.666908996151
0.48442343927
0.381325613635
0.864559703229
0.893077185067
0.723430626527
0.670072873958
0.594447173066
0.829193182587
1.0
0.666014443875
0.680495003526
0.771504584321
0.548872351567
0.373139550308
0.675232638057
0.6378725933
0.669198498418
0.467513273363
0.739991809784
0.147761753452
0.660186466719
0.768114947536
0.36314685896
0.971428571429
0.865047626682
0.817344157978
0.489609048569
0.674765131065
