1.0
0.83305207574
1.0
0.246124585342
0.235536204476
1.0
1.0
0.0
0.38854977527
1.0
0.137189656958
1.0
1.0
1.0
0.712143972613
0.908749077657
0.905158920539
1.0
1.0
0.386382411068
1.0
0.0
0.908749077657
1.0
0.908749077657
0.411115186532
1.0
1.0
1.0
1.0
0.908749077657
0.905158920539
1.0
0.0
0.0
1.0
1.0
1.0
1.0
0.524918136913
0.411391294816
1.0
1.0
1.0
1.0
1.0
0.905158920539
0.0
0.0
1.0
1.0
1.0
0.822447280585
0.0
0.908749077657
0.707701052909
1.0
1.0
1.0
0.0
0.865635285537
0.75
0.850133272034
0.0
0.712143972613
0.316864793873
0.817636928687
1.0
1.0
1.0
1.0
1.0
0.75
1.0
0.983814110853
1.0
-0.5
0.955812687942
0.806765398007
1.0
1.0
0.554324448489
1.0
0.712143972613
1.0
1.0
1.0
0.0
1.0
0.911625375884
1.0
1.0
1.0
1.0
0.908749077657
1.0
1.0
1.0
1.0
1.0
-0.5
0.558209587019
-0.5
1.0
0.282917970799
1.0
0.683719031913
0.0
1.0
1.0
0.908749077657
1.0
1.0
0.296068445925
1.0
1.0
1.0
0.575869145951
0.0
0.538233974611
1.0
1.0
1.0
0.698747790165
0.908749077657
1.0
0.0
1.0
1.0
1.0
1.0
1.0
1.0
1.0
0.0
0.521666482124
0.71376815611
0.0
0.0
1.0
0.0
1.0
1.0
0.145000868819
1.0
1.0
1.0
0.901263515796
0.75
1.0
1.0
0.478398967288
0.768236357486
1.0
1.0
0.908749077657
1.0
1.0
1.0
1.0
0.694248838618
0.0
1.0
1.0
1.0
1.0
0.908749077657
1.0
-0.5
0.470244783895
0.32752622503
1.0
1.0
0.24446765692
1.0
0.515900809981
0.577090190358
1.0
0.447839536926
1.0
1.0
1.0
1.0
1.0
0.53410797946
1.0
1.0
0.672118371102
1.0
0.0
0.316503899041
0.908760328362
1.0
1.0
0.0
1.0
1.0
0.613530796014
0.0
1.0
0.0
1.0
1.0
0.94255400067
1.0
1.0
0.649226464153
0.451643479668
1.0
1.0
0.712143972613
0.681561808243
0.882731697739
1.0
0.911625375884
0.829724054374
0.905158920539
1.0
1.0
1.0
0.905158920539
1.0
1.0
0.75
1.0
1.0
1.0
1.0
1.0
1.0
1.0
0.738484465443
1.0
1.0
0.0
0.612194920029
1.0
1.0
0.75
0.451643479668
1.0
0.0
0.826906719813
0.75
0.603096165384
1.0
1.0
1.0
1.0
1.0
