1.0
0.91652603787
1.0
0.799029941729
0.650001660677
1.0
1.0
0.619603662488
0.697310818353
1.0
0.568594828479
1.0
1.0
1.0
0.856071986307
0.954374538829
0.952579460269
1.0
1.0
0.469400483671
1.0
0.79472949355
0.954374538829
1.0
0.954374538829
0.569304505334
1.0
1.0
1.0
1.0
0.954374538829
0.952579460269
1.0
0.241985032072
0.174140646222
1.0
1.0
1.0
1.0
0.867097737453
0.705695647408
1.0
1.0
1.0
1.0
1.0
0.952579460269
0.366411233423
0.5
1.0
1.0
1.0
0.911223640293
0.655120738376
0.954374538829
0.979803691121
1.0
1.0
1.0
0.565227027354
0.709715560254
0.917455286496
0.701964553502
0.592805427275
0.856071986307
0.658432396936
0.908818464343
1.0
1.0
1.0
1.0
1.0
0.875
1.0
0.991907055426
1.0
-0.5
0.955812687942
0.903382699004
1.0
1.0
0.777162224244
1.0
0.856071986307
1.0
1.0
1.0
0.588570374279
1.0
0.732710605428
1.0
1.0
1.0
1.0
0.954374538829
1.0
1.0
1.0
1.0
1.0
-0.5
0.77910479351
-0.5
1.0
0.6414589854
1.0
0.618757433442
0.5
1.0
1.0
0.954374538829
1.0
1.0
0.686872873527
1.0
1.0
1.0
0.787934572975
0.71600977963
0.769116987306
1.0
1.0
1.0
0.849373895083
0.954374538829
1.0
0.567819636441
1.0
1.0
1.0
1.0
1.0
1.0
1.0
0.610253103237
0.760833241062
0.856884078055
0.60253910496
0.466462743919
1.0
0.548923075468
1.0
1.0
0.517286046894
1.0
1.0
1.0
0.950631757898
0.764018380914
1.0
1.0
0.776849043144
0.884118178743
1.0
1.0
0.954374538829
1.0
1.0
1.0
1.0
0.851370495481
0.299667758779
1.0
1.0
1.0
1.0
0.954374538829
1.0
-0.5
0.735122391947
0.663763112515
1.0
1.0
0.659532454549
1.0
0.75795040499
0.589076128238
1.0
0.731280438847
1.0
1.0
1.0
1.0
1.0
0.76705398973
1.0
1.0
0.874484366707
1.0
0.241985032072
0.5
0.954380164181
1.0
1.0
0.453797944766
1.0
1.0
0.806765398007
0.411207058193
1.0
0.633083169219
1.0
1.0
0.971277000335
1.0
1.0
0.654348482953
0.725821739834
1.0
1.0
0.856071986307
0.889805906014
0.94136584887
1.0
0.955812687942
0.914862027187
0.952579460269
1.0
1.0
1.0
0.952579460269
1.0
1.0
0.955412808417
1.0
1.0
1.0
1.0
1.0
1.0
1.0
0.869242232722
1.0
1.0
0.5
0.819706348431
1.0
1.0
0.951966734176
0.725821739834
1.0
0.53298317416
0.913453359907
0.950056866049
0.801548082692
1.0
1.0
1.0
1.0
1.0
