1.0
0.0
0.666666666667
1.0
0.75
1.0
1.0
-0.5
0.181818181818
0.833333333333
0.5
1.0
1.0
1.0
1.0
0.0
0.631578947368
1.0
1.0
0.25
1.0
0.0
0.666666666667
0.0
0.666666666667
0.0
-0.5
1.0
0.0
1.0
0.666666666667
0.631578947368
1.0
0.0
-0.5
0.666666666667
1.0
1.0
1.0
0.833333333333
1.0
1.0
0.142156862745
1.0
1.0
-0.5
0.631578947368
0.0
0.0
1.0
1.0
1.0
0.0
1.0
-0.5
0.613636363636
1.0
1.0
1.0
0.0
0.947368421053
0.75
0.631578947368
0.0
1.0
0.631578947368
0.666666666667
1.0
0.0
1.0
1.0
1.0
0.631578947368
0.0
1.0
1.0
-0.5
0.631578947368
0.0
1.0
1.0
0.631578947368
-0.5
1.0
1.0
1.0
0.0
0.0
1.0
0.0
1.0
1.0
1.0
1.0
0.666666666667
1.0
1.0
1.0
1.0
1.0
-0.5
-0.5
-0.5
1.0
-0.5
1.0
0.6
0.0
1.0
1.0
-0.5
0.0
0.631578947368
0.133333333333
1.0
1.0
1.0
0.545454545455
0.0
0.0
1.0
1.0
0.0
0.815789473684
0.181818181818
-0.5
0.0
-0.5
0.928571428571
0.958333333333
1.0
0.666666666667
1.0
1.0
0.0
0.676470588235
0.695652173913
0.0
-0.5
0.666666666667
-0.5
1.0
1.0
0.0
1.0
1.0
1.0
0.571428571429
1.0
1.0
1.0
0.0
0.75
1.0
0.75
0.0
1.0
-0.5
0.0
1.0
0.772727272727
-0.5
1.0
1.0
0.0
1.0
0.666666666667
0.75
0.75
0.571428571429
0.631578947368
0.0
0.0
0.0789473684211
1.0
0.0
0.710526315789
1.0
0.222222222222
0.666666666667
1.0
-0.5
1.0
1.0
1.0
1.0
1.0
-0.5
1.0
0.0
0.0
0.815789473684
0.0
1.0
-0.5
1.0
1.0
-0.5
-0.5
1.0
0.0
1.0
0.631578947368
1.0
1.0
1.0
1.0
0.0
1.0
0.75
1.0
1.0
0.0
1.0
0.0
1.0
0.695652173913
1.0
1.0
1.0
0.631578947368
1.0
1.0
0.75
1.0
1.0
0.75
1.0
1.0
1.0
1.0
0.476923076923
1.0
1.0
0.25
0.611111111111
1.0
1.0
0.666666666667
0.9
1.0
0.0
1.0
0.928571428571
0.111111111111
0.928571428571
1.0
1.0
0.75
1.0
