1.0
0.966610415148
1.0
0.849224917068
0.847107240895
1.0
1.0
0.424226192236
0.52074662303
1.0
0.827437931392
1.0
1.0
1.0
0.942428794523
0.981749815531
0.981031784108
1.0
1.0
0.40994553321
1.0
0.561738373009
0.981749815531
1.0
0.981749815531
0.48382962556
1.0
1.0
1.0
1.0
0.981749815531
0.981031784108
1.0
0.387176051315
0.278625033956
1.0
1.0
1.0
1.0
0.904983627383
0.882278258963
1.0
1.0
1.0
1.0
1.0
0.981031784108
0.170818638349
0.8
1.0
1.0
1.0
0.964489456117
0.8
0.981749815531
0.941540210582
1.0
1.0
1.0
0.8
0.616163725084
0.95
0.613063322383
0.405681847515
0.942428794523
0.863372958775
0.963527385737
1.0
1.0
1.0
1.0
1.0
0.95
1.0
0.996762822171
1.0
-0.5
0.982325075177
0.961353079601
1.0
1.0
0.910864889698
1.0
0.942428794523
1.0
1.0
1.0
0.296175656109
1.0
0.8
1.0
1.0
1.0
1.0
0.981749815531
1.0
1.0
1.0
1.0
1.0
-0.5
0.911641917404
-0.5
1.0
0.85658359416
1.0
0.579780474359
0.8
1.0
1.0
0.981749815531
1.0
1.0
0.859213689185
1.0
1.0
1.0
0.91517382919
0.51474406874
0.907646794922
1.0
1.0
1.0
0.939749558033
0.981749815531
1.0
0.146070732876
1.0
1.0
1.0
1.0
1.0
1.0
1.0
0.44367148281
0.904333296425
0.942753631222
0.506255377343
0.282316671806
1.0
0.389595446118
1.0
1.0
0.512812647927
1.0
1.0
1.0
0.980252703159
0.8
1.0
1.0
0.895679793458
0.953647271497
1.0
1.0
0.981749815531
1.0
1.0
1.0
1.0
0.938849767724
0.186975346169
1.0
1.0
1.0
1.0
0.981749815531
1.0
-0.5
0.894048956779
0.865505245006
1.0
1.0
0.848893531384
1.0
0.903180161996
0.558454706048
1.0
0.588414943099
1.0
1.0
1.0
1.0
1.0
0.906821595892
1.0
1.0
0.93442367422
1.0
0.387176051315
0.8
0.981752065672
1.0
1.0
0.417548984696
1.0
1.0
0.922706159203
0.233896454248
1.0
0.425806861738
1.0
1.0
0.988510800134
1.0
1.0
0.572881960807
0.890328695934
1.0
1.0
0.942428794523
0.936312361649
0.976546339548
1.0
0.982325075177
0.965944810875
0.981031784108
1.0
1.0
1.0
0.981031784108
1.0
1.0
0.95
1.0
1.0
1.0
1.0
1.0
1.0
1.0
0.947696893089
1.0
1.0
0.8
0.922438984006
1.0
1.0
0.95
0.890328695934
1.0
0.233896454248
0.965381343963
0.95
0.920619233077
1.0
1.0
1.0
1.0
1.0
