1.0
0.883136453018
1.0
0.71864191842
0.510002324948
1.0
1.0
0.70213801371
0.725999540972
1.0
0.396032759871
1.0
1.0
1.0
0.798500780829
0.93612435436
0.933611244377
1.0
1.0
0.452187910534
1.0
0.831752104466
0.93612435436
1.0
0.93612435436
0.588251815119
1.0
1.0
1.0
1.0
0.93612435436
0.933611244377
1.0
0.145191019243
0.104484387733
1.0
1.0
1.0
1.0
0.813936832434
0.587973906371
1.0
1.0
1.0
1.0
1.0
0.933611244377
0.519846740054
0.3
1.0
1.0
1.0
0.87571309641
0.766151861942
0.93612435436
0.971725167569
1.0
1.0
1.0
0.512636051849
0.772083450367
0.884437401094
0.761232040915
0.627086674427
0.798500780829
0.521805355711
0.872345850081
1.0
1.0
1.0
1.0
1.0
0.849138610318
1.0
0.988669877597
1.0
-0.5
0.938137763119
0.864735778605
1.0
1.0
0.688027113942
1.0
0.798500780829
1.0
1.0
1.0
0.700331210639
1.0
0.80427651361
1.0
1.0
1.0
1.0
0.93612435436
1.0
1.0
1.0
1.0
1.0
-0.5
0.690746710913
-0.5
1.0
0.49804257956
1.0
0.644742072831
0.3
1.0
1.0
0.93612435436
1.0
1.0
0.561622022938
1.0
1.0
1.0
0.703108402166
0.745041657111
0.753070503581
1.0
1.0
1.0
0.789123453116
0.93612435436
1.0
0.740691781864
1.0
1.0
1.0
1.0
1.0
1.0
1.0
0.766151861942
0.665166537487
0.799637709277
0.590427058272
0.511889505584
1.0
0.573694582597
1.0
1.0
0.536469491483
1.0
1.0
1.0
0.930884461058
0.826677869351
1.0
1.0
0.687588660401
0.83776545024
1.0
1.0
0.93612435436
1.0
1.0
1.0
1.0
0.791918693674
0.326047189206
1.0
1.0
1.0
1.0
0.93612435436
1.0
-0.5
0.629171348726
0.529268357521
1.0
1.0
0.523345436369
1.0
0.661130566986
0.603597135225
1.0
0.819694402469
1.0
1.0
1.0
1.0
1.0
0.673875585622
1.0
1.0
0.824278113389
1.0
0.145191019243
0.434484927604
0.936132229853
1.0
1.0
0.426542630324
1.0
1.0
0.72947155721
0.458741654347
1.0
0.685111133255
1.0
1.0
0.959787800469
1.0
1.0
0.694569542146
0.616150435767
1.0
1.0
0.798500780829
0.845728268419
0.917912188417
1.0
0.938137763119
0.880806838062
0.933611244377
1.0
1.0
1.0
0.933611244377
1.0
1.0
0.937577931784
1.0
1.0
1.0
1.0
1.0
1.0
1.0
0.81693912581
1.0
1.0
0.3
0.747588887803
1.0
1.0
0.932753427846
0.616150435767
1.0
0.653683115767
0.878834703869
0.930079612469
0.722167315769
1.0
1.0
1.0
1.0
1.0
