0.88727280574
0.381023448567
0.552264260833
0.778667606471
0.512270400124
0.810836784062
0.622938632076
-0.5
0.383212989158
0.721713528407
0.469505906121
0.661967449248
0.873076923077
0.927272727273
0.9
0.142536081936
0.741961940307
1.0
0.69353729513
0.288184953727
0.702096363476
0.361646001349
0.69271170032
0.0
0.833866094053
0.403209327969
-0.5
0.900421225374
0.388470385633
0.966666666667
0.776885871606
0.926315789474
0.685688203044
0.294739296052
-0.5
0.6329569193
1.0
0.4926147253
0.78396551651
0.593071586222
0.765512312929
0.822199926133
0.648007703453
0.900277628938
0.824462677272
-0.5
0.801821375627
0.124678472131
0.308919421076
0.520897550961
0.853559663171
0.865204556746
0.366178181425
0.463928677061
-0.5
0.521965151215
0.955555555556
0.817710132887
0.773794879455
0.379386168569
0.40289511616
0.563829983527
0.498559877941
0.340876094254
0.883910234507
0.880116425602
0.637635697501
0.718165506091
0.50452477174
0.687514338252
1.0
0.563917352123
0.451570114704
0.0
0.796117413398
0.879920821135
-0.5
0.879063794023
0.346816575175
0.949230769231
0.912063492063
0.667960289835
-0.5
1.0
0.920401131213
0.651278369929
0.0
0.2720544794
0.855564489039
0.326015546684
0.778886626121
0.919771709809
0.857992472297
0.885204676931
0.700859453426
1.0
0.687242533721
0.745862644215
0.631904710421
0.643501861865
-0.5
-0.5
-0.5
0.966666666667
-0.5
0.827748890662
0.427134241276
0.334572499596
0.803577160167
0.85153892408
-0.5
0.301788263474
0.772303765746
0.544071737588
0.829954136045
0.699538977817
1.0
0.88125
0.398017927489
0.451943151399
0.764089871513
0.563442924218
0.169902931237
0.622075974174
0.695840059301
-0.5
0.128674791967
-0.5
0.791209424425
0.744617331737
0.636057880664
0.710945526341
1.0
0.788819085014
0.32961453429
0.600239445847
0.526405730968
0.472940198428
-0.5
0.684255483777
-0.5
0.986363636364
1.0
0.411196677757
0.747622211668
0.633029688153
0.591546275969
0.75395299416
0.4360868846
0.551614398123
0.814173326886
0.0
0.95
0.700906470645
0.666010224274
0.340810726974
0.785401905506
-0.5
0.0833822308828
0.739749835573
0.681737048408
-0.5
0.911111111111
0.966666666667
0.341038456998
0.850801234314
0.591920697059
0.791785956367
0.646843233683
0.720428702482
0.525491243723
0.176404965179
0.0
0.505693967634
0.600912663053
0.0
0.484448614847
0.607330303458
0.296096392986
0.711595243658
0.77869571539
-0.5
0.771910552542
1.0
0.774724408213
0.955555555556
0.500032864179
-0.5
0.655543846749
0.286818287613
0.436229918223
0.944736842105
0.614725644115
0.78501525898
-0.5
0.600646724547
0.654551163931
-0.5
-0.5
0.92931001919
0.369820963438
0.925819070921
0.506287127923
0.954545454545
0.992647058824
0.992857142857
0.630350198977
0.329518009775
0.95625
0.941666666667
0.737329729792
0.569970359316
0.0100280604198
0.750016595006
0.0
0.983333333333
0.753039264828
0.730862459434
0.759898497468
0.840661753094
0.740172808757
0.694767550424
0.573529497974
0.441767484846
0.904829604305
0.924235188555
0.777074168703
0.712874943056
0.614818452977
0.8575750371
1.0
0.800412420894
0.722141486183
0.79287732455
0.690163135422
0.446593474484
0.731192537018
0.6838301244
0.725597997891
0.523351031151
0.757489079712
0.197015671269
0.741359733403
0.792010406239
0.473393342812
0.985714285714
0.875619057798
0.839792210638
0.559062064759
0.714501656235
