1.0
0.701495720815
0.7
1.0
0.825
1.0
1.0
-0.5
0.450405240269
0.85
0.621557345379
1.0
1.0
1.0
1.0
0.24118575957
0.668421052632
1.0
1.0
0.430190560072
1.0
0.776414775618
0.7
0.0
0.7
0.691695602655
-0.5
1.0
0.414361084466
1.0
0.7
0.668421052632
1.0
0.910797546454
-0.5
0.7
1.0
1.0
1.0
0.85
1.0
1.0
0.432480130966
1.0
1.0
-0.5
0.692105263158
0.833996532399
0.547988342591
1.0
1.0
1.0
0.32468214186
1.0
-0.5
0.891590909091
1.0
1.0
1.0
0.569670446612
0.942228021126
0.875
0.623800636129
0.736424516654
1.0
0.668421052632
0.7
1.0
0.489423474137
1.0
1.0
1.0
0.668421052632
0.0
1.0
1.0
-0.5
0.668421052632
0.791339174351
1.0
1.0
0.668421052632
-0.5
1.0
1.0
1.0
0.0
0.498786041939
1.0
0.578450305123
1.0
1.0
1.0
1.0
0.7
1.0
1.0
1.0
1.0
1.0
-0.5
-0.5
-0.5
1.0
-0.5
1.0
0.595379583497
0.652063498705
1.0
1.0
-0.5
0.397723532934
0.668421052632
0.527806181933
1.0
1.0
1.0
0.590909090909
0.632764061224
0.746562870823
1.0
1.0
0.581348766932
0.834210526316
0.263636363636
-0.5
0.918258841609
-0.5
0.935714285714
0.9625
1.0
0.7
1.0
1.0
0.927873974326
0.770036764706
0.726086956522
0.294329205346
-0.5
0.7
-0.5
1.0
1.0
0.345394689659
1.0
1.0
1.0
0.614285714286
0.953360152869
1.0
1.0
0.0
0.775
1.0
0.881160973409
0.57929713188
1.0
-0.5
0.31042277886
1.0
0.795454545455
-0.5
1.0
1.0
0.516965530982
1.0
0.788134315849
0.825
0.932473409169
0.614285714286
0.668421052632
0.922050620647
0.0
0.213684210526
1.0
0.0
0.902344449053
1.0
0.239403513937
0.7
1.0
-0.5
1.0
1.0
1.0
1.0
1.0
-0.5
1.0
0.184111316614
0.30154071735
0.834210526316
1.0
1.0
-0.5
1.0
1.0
-0.5
-0.5
1.0
0.655048617213
1.0
0.668421052632
1.0
1.0
1.0
1.0
0.384303137792
1.0
0.875
1.0
1.0
0.271253507552
1.0
0.0
1.0
0.726086956522
1.0
1.0
1.0
0.668421052632
1.0
1.0
0.801470588235
1.0
1.0
0.844230769231
1.0
1.0
1.0
1.0
0.630886238747
1.0
1.0
0.325
0.709022556391
1.0
1.0
0.7
0.91
1.0
0.222094199638
1.0
0.935714285714
0.459201884231
0.935714285714
1.0
1.0
0.825
1.0
