0.929373507236
0.668541682979
0.632449221155
0.614124989032
0.48383297845
0.869012751934
0.682740676177
0.4687541015
0.528345638619
0.822124337356
0.512007290105
0.605358738534
0.937119253544
0.974552604421
0.871628439806
0.641227037677
0.776274349316
1.0
0.735972142111
0.367778221327
0.705256301456
0.557265412121
0.765279430291
0.95443913424
0.903605105685
0.543119020349
0.894876699641
0.937174279116
0.655244021946
0.986312361649
0.854529842008
0.971547676162
0.664336785963
0.257896884046
0.242556548424
0.716794674897
0.909192871534
0.619840446938
0.832354364718
0.621255088213
0.636693776301
0.88977309469
0.754110411249
0.908784340862
0.869415168355
0.84508690437
0.853372025779
0.21371504736
0.351889333628
0.598823353977
0.803280383917
0.918611796332
0.686970414148
0.521578376072
0.864767617254
0.654211183739
1.0
0.86238552997
0.837718188057
0.516026227689
0.503535295227
0.624521206897
0.577301277689
0.440516986093
0.822213986508
0.747272754422
0.72995575854
0.688439960693
0.592491269478
0.722236472332
0.969087801623
0.720511016441
0.569749703602
0.881669731552
0.805748245009
0.91159738516
-0.5
0.915169791455
0.66802749122
0.916210302337
0.927174698117
0.683546245626
0.903131833751
0.745240303349
0.931144541747
0.555205655182
0.906146685406
0.46498053816
0.843179196887
0.560687239949
0.837186036715
0.919062159895
0.891942553822
0.919386733018
0.667636761813
0.810487710929
0.739537610511
0.786591138157
0.67592247687
0.767390993516
-0.5
0.769019299826
-0.5
0.986312361649
0.504613744653
0.874392984777
0.488166907479
0.507792455908
0.829799368159
0.813652682214
0.914475626516
0.76078916755
0.802121710052
0.561461567053
0.87920119013
0.779226211686
1.0
0.821396642789
0.514005225857
0.818205192239
0.906489150556
0.610138591906
0.748099900545
0.62430583595
0.747198832875
0.591561723423
0.293741914109
0.961072835951
0.851683246372
0.845327593167
0.753520611399
0.733365185957
0.905120272598
0.865768574529
0.470172827423
0.562951684702
0.617669909551
0.568630152127
0.386659503081
0.808445770527
0.428744714526
0.993206657926
0.817293046967
0.45505237172
0.81764072141
0.759347207481
0.61347429713
0.836702716766
0.649480958599
0.672961913528
0.86423379467
0.683154579752
0.884118178743
0.93994861184
0.849235004079
0.687394121713
0.828417303771
0.66588666044
0.682043444119
0.726935635248
0.685237247063
0.218851010107
1.0
1.0
0.686279720313
0.915038543221
0.722182719025
0.701786832793
-0.5
0.67144854984
0.536196190259
0.727177172266
0.922089446263
0.526844645306
0.625620817387
0.684644628465
0.476447971704
0.640198786942
0.488888339881
0.825369590007
0.684864401451
0.77957923088
0.85153589539
1.0
0.706005471101
0.990874907766
0.599543009026
0.924690620024
0.706038556576
0.250966001662
0.503431501597
0.958942147763
0.880142363711
0.787881887027
0.366959250036
0.931814844902
0.777198800079
0.564062838367
0.345617293223
0.961686597844
0.503074735511
0.925095243183
0.649565253055
0.8413831001
0.836958305788
0.99120487733
0.487814214843
0.554504455951
0.937198954579
0.973505283216
0.719367888736
0.758408510715
0.58311207658
0.565641578184
0.846991732563
0.92540119996
0.761195001986
0.760866551036
0.845801284424
0.874629612355
0.785667473851
0.66726764153
0.742067141005
0.641189543438
0.891786701709
0.921592722946
1.0
0.772992883937
0.739879238543
0.868238897956
1.0
0.846932457088
0.700082825485
0.849702453642
0.582017743494
0.505114261906
0.754284270702
0.800680333135
0.769748348411
0.508662212333
0.774821683099
0.398271097538
0.794372453084
0.832500037056
0.606583582149
1.0
0.912482936696
0.903568184308
0.661879682717
0.790402762633
