1.0
0.866441660592
1.0
0.396899668274
0.388428963581
1.0
1.0
0.106056548059
0.42159898721
1.0
0.309751725567
1.0
1.0
1.0
0.76971517809
0.926999262126
0.924127136431
1.0
1.0
0.360027982846
1.0
0.140434593252
0.926999262126
1.0
0.926999262126
0.429293796289
1.0
1.0
1.0
1.0
0.926999262126
0.924127136431
1.0
0.0967940128286
0.0696562584889
1.0
1.0
1.0
1.0
0.61993450953
0.529113035852
1.0
1.0
1.0
1.0
1.0
0.924127136431
0.0427046595872
0.2
1.0
1.0
1.0
0.857957824468
0.2
0.926999262126
0.766160842327
1.0
1.0
1.0
0.2
0.803267395424
0.8
0.790865784621
0.101420461879
0.76971517809
0.453491835098
0.854109542949
1.0
1.0
1.0
1.0
1.0
0.8
1.0
0.987051288682
1.0
-0.5
0.929300300708
0.845412318406
1.0
1.0
0.643459558791
1.0
0.76971517809
1.0
1.0
1.0
0.0740439140272
1.0
0.840059467702
1.0
1.0
1.0
1.0
0.926999262126
1.0
1.0
1.0
1.0
1.0
-0.5
0.646567669615
-0.5
1.0
0.426334376639
1.0
0.657734392525
0.2
1.0
1.0
0.926999262126
1.0
1.0
0.43685475674
1.0
1.0
1.0
0.660695316761
0.128686017185
0.630587179689
1.0
1.0
1.0
0.758998232132
0.926999262126
1.0
0.036517683219
1.0
1.0
1.0
1.0
1.0
1.0
1.0
0.110917870702
0.617333185699
0.771014524888
0.126563844336
0.0705791679515
1.0
0.0973988615294
1.0
1.0
0.204616043702
1.0
1.0
1.0
0.921010812637
0.706720305739
1.0
1.0
0.58271917383
0.814589085989
1.0
1.0
0.926999262126
1.0
1.0
1.0
1.0
0.755399070894
0.0467438365422
1.0
1.0
1.0
1.0
0.926999262126
1.0
-0.5
0.576195827116
0.462020980024
1.0
1.0
0.395574125536
1.0
0.612720647985
0.57243131928
1.0
0.482983388469
1.0
1.0
1.0
1.0
1.0
0.627286383568
1.0
1.0
0.737694696882
1.0
0.0967940128286
0.315746439217
0.92700826269
1.0
1.0
0.104387246174
1.0
1.0
0.690824636812
0.0584741135621
1.0
0.106451715435
1.0
1.0
0.954043200536
1.0
1.0
0.630140338316
0.561314783734
1.0
1.0
0.76971517809
0.745249446594
0.906185358191
1.0
0.929300300708
0.863779243499
0.924127136431
1.0
1.0
1.0
0.924127136431
1.0
1.0
0.8
1.0
1.0
1.0
1.0
1.0
1.0
1.0
0.790787572355
1.0
1.0
0.2
0.689755936023
1.0
1.0
0.8
0.561314783734
1.0
0.0584741135621
0.86152537585
0.8
0.682476932307
1.0
1.0
1.0
1.0
1.0
