1.0
0.572610688528
0.866666666667
1.0
0.922222222222
1.0
1.0
-0.5
0.525353407082
0.933333333333
0.815384615385
1.0
1.0
1.0
1.0
0.197114557419
0.852631578947
1.0
1.0
0.475880202539
1.0
0.735169325975
0.866666666667
0.0
0.866666666667
0.620761851222
-0.5
1.0
0.507871482592
1.0
0.866666666667
0.852631578947
1.0
0.464785278721
-0.5
0.866666666667
1.0
1.0
1.0
0.933333333333
1.0
1.0
0.727731092437
1.0
1.0
-0.5
0.863157894737
0.361122051536
0.464914425527
1.0
1.0
1.0
0.43198409915
1.0
-0.5
0.951818181818
1.0
1.0
1.0
0.640244901893
0.711224869403
0.944444444444
0.58490907993
0.609023290398
1.0
0.852631578947
0.866666666667
1.0
0.661538461538
1.0
1.0
1.0
0.852631578947
0.0
1.0
1.0
-0.5
0.852631578947
0.640892188964
1.0
1.0
0.852631578947
-0.5
1.0
1.0
1.0
0.0
0.361137304267
1.0
0.470701830735
1.0
1.0
1.0
1.0
0.866666666667
1.0
1.0
1.0
1.0
1.0
-0.5
-0.5
-0.5
1.0
-0.5
1.0
0.572277500982
0.533738485115
1.0
1.0
-0.5
0.386341197606
0.852631578947
0.653333333333
1.0
1.0
1.0
0.818181818182
0.638689630502
0.729377224935
1.0
1.0
0.391601373521
0.926315789474
0.672727272727
-0.5
0.509553049657
-0.5
0.971428571429
0.983333333333
1.0
0.866666666667
1.0
1.0
0.646086945441
0.897794117647
0.878260869565
0.432641898744
-0.5
0.866666666667
-0.5
1.0
1.0
0.459991927543
1.0
1.0
1.0
0.828571428571
0.720160917216
1.0
1.0
0.0
0.9
1.0
0.916666666667
0.396714236072
1.0
-0.5
0.195870006495
1.0
0.909090909091
-0.5
1.0
1.0
0.470214238524
1.0
0.866666666667
0.922222222222
0.944444444444
0.828571428571
0.852631578947
0.532303723884
0.0
0.650526315789
1.0
0.0
0.677224589058
1.0
0.325309972509
0.866666666667
1.0
-0.5
1.0
1.0
1.0
1.0
1.0
-0.5
1.0
0.340382038486
0.475910970768
0.926315789474
1.0
1.0
-0.5
1.0
1.0
-0.5
-0.5
1.0
0.468432376639
1.0
0.852631578947
1.0
1.0
1.0
1.0
0.49574189529
1.0
0.944444444444
1.0
1.0
0.127521045315
1.0
0.0
1.0
0.878260869565
1.0
1.0
1.0
0.852631578947
1.0
1.0
0.911764705882
1.0
1.0
0.930769230769
1.0
1.0
1.0
1.0
0.817489878543
1.0
1.0
0.7
0.870676691729
1.0
1.0
0.866666666667
0.96
1.0
0.261136626401
1.0
0.971428571429
0.644444444444
0.971428571429
1.0
1.0
0.922222222222
1.0
