0.914200714826
0.517233901335
0.648470306317
0.835601446279
0.541466861636
0.885359379037
0.680335320727
-0.5
0.41545540749
0.772124337356
0.482115744779
0.748706812209
0.809615384615
0.976136363636
0.89375
0.168781571694
0.710761115522
1.0
0.723616611567
0.368835626713
0.69739812923
0.519460209164
0.705909062566
0.0
0.828406033415
0.564572867855
-0.5
0.937174279116
0.433521784798
0.95
0.787669874497
0.889473684211
0.692161670581
0.378609506466
-0.5
0.659679223744
1.0
0.594293785427
0.830666796643
0.650020535847
0.838573273813
0.870466602033
0.614515403002
0.910835030584
0.820620210578
-0.5
0.81551914227
0.265401943662
0.365264288172
0.600725833282
0.901182830433
0.844480536298
0.391559754901
0.616744366552
-0.5
0.645966314253
0.933333333333
0.856997689028
0.838816950552
0.475222701419
0.549565340082
0.558629013363
0.530744537161
0.464807935856
0.89722374939
0.848062398718
0.694163119372
0.699911316463
0.53699531483
0.686468770667
1.0
0.720511016441
0.52012168163
0.0
0.844354172491
0.917479738101
-0.5
0.846483451349
0.483702598517
0.928597285068
0.918095238095
0.6959928198
-0.5
1.0
0.931144541747
0.653220410664
0.0
0.354202640235
0.882285594576
0.414533429408
0.802797924274
0.944331496083
0.878794008498
0.917691347217
0.737843525016
1.0
0.731201617312
0.783102735122
0.708063680442
0.767390993516
-0.5
-0.5
-0.5
0.95
-0.5
0.872401971324
0.471688889688
0.446350008354
0.805703544558
0.857731107181
-0.5
0.38406473054
0.74861268498
0.564570933153
0.888389356219
0.760733299089
1.0
0.824553571429
0.528232573351
0.545450257474
0.801280843456
0.612674493978
0.308007170095
0.67118051249
0.64391687007
-0.5
0.399257109638
-0.5
0.849004674944
0.82068079027
0.721444090682
0.733673660429
1.0
0.826517008985
0.502726141105
0.630785495508
0.604632409648
0.470388946299
-0.5
0.714535514117
-0.5
0.979545454545
1.0
0.418002534727
0.723483577698
0.715529055108
0.623988702073
0.758280298462
0.528451024025
0.628973227873
0.86321194114
0.0
0.925
0.740456623353
0.711925612906
0.362936623151
0.81730117471
-0.5
0.172959452022
0.73961416435
0.711122948326
-0.5
0.866666666667
0.95
0.407463824495
0.861519793475
0.670740206689
0.773080568964
0.639954481692
0.7018036861
0.5831976954
0.454354344532
0.0
0.47584844975
0.654629289315
0.0
0.581124275221
0.713301046169
0.292066800003
0.744868060423
0.834767841875
-0.5
0.849032844585
1.0
0.80589290696
0.933333333333
0.596279453485
-0.5
0.712518826345
0.294147819843
0.448367845111
0.917105263158
0.837884938601
0.759638171233
-0.5
0.636363097601
0.696790744753
-0.5
-0.5
0.948569877902
0.429818313325
0.950476302441
0.536156093394
0.931818181818
0.988970588235
0.989285714286
0.668853573227
0.385801844479
0.942857142857
0.929166666667
0.777360483265
0.724827005578
0.0987745528674
0.839597853964
0.0
0.977777777778
0.769710272056
0.777004652005
0.793648930383
0.880103440368
0.763440681347
0.756922644172
0.646502047679
0.467280805531
0.925977548504
0.929111153964
0.790637013
0.736079943367
0.739440505329
0.85376658815
1.0
0.77323030148
0.748377068384
0.84445555091
0.657017743494
0.492333267877
0.743743602575
0.798175904814
0.727398248154
0.55719685814
0.79521490996
0.235880775852
0.739588889535
0.84970553403
0.499044954687
0.978571428571
0.913388897796
0.903568184308
0.572142574208
0.761236095966
