1.0
0.949915622722
1.0
0.773837375603
0.770660861343
1.0
1.0
0.371197918206
0.50422201706
1.0
0.741156897087
1.0
1.0
1.0
0.913643191784
0.972624723297
0.971547676162
1.0
1.0
0.358702341559
1.0
0.491521076383
0.972624723297
1.0
0.972624723297
0.474740320682
1.0
1.0
1.0
1.0
0.972624723297
0.971547676162
1.0
0.3387790449
0.243796904711
1.0
1.0
1.0
1.0
0.857475441074
0.823417388445
1.0
1.0
1.0
1.0
1.0
0.971547676162
0.149466308555
0.7
1.0
1.0
1.0
0.946734184176
0.7
0.972624723297
0.912310315873
1.0
1.0
1.0
0.7
0.64734767014
0.925
0.64269706609
0.354971616576
0.913643191784
0.795059438162
0.945291078606
1.0
1.0
1.0
1.0
1.0
0.925
1.0
0.995144233256
1.0
-0.5
0.973487612765
0.942029619402
1.0
1.0
0.866297334547
1.0
0.913643191784
1.0
1.0
1.0
0.259153699095
1.0
0.7
1.0
1.0
1.0
1.0
0.972624723297
1.0
1.0
1.0
1.0
1.0
-0.5
0.867462876106
-0.5
1.0
0.78487539124
1.0
0.592772794053
0.7
1.0
1.0
0.972624723297
1.0
1.0
0.788820533777
1.0
1.0
1.0
0.872760743785
0.450401060148
0.861470192383
1.0
1.0
1.0
0.90962433705
0.972624723297
1.0
0.127811891266
1.0
1.0
1.0
1.0
1.0
1.0
1.0
0.388212547459
0.856499944637
0.914130446833
0.442973455175
0.24702708783
1.0
0.340896015353
1.0
1.0
0.448711066936
1.0
1.0
1.0
0.970379054739
0.7
1.0
1.0
0.843519690186
0.930470907246
1.0
1.0
0.972624723297
1.0
1.0
1.0
1.0
0.908274651585
0.163603427898
1.0
1.0
1.0
1.0
0.972624723297
1.0
-0.5
0.841073435168
0.798257867509
1.0
1.0
0.773340297076
1.0
0.854770242994
0.560784141587
1.0
0.570843017328
1.0
1.0
1.0
1.0
1.0
0.860232393838
1.0
1.0
0.901635511331
1.0
0.3387790449
0.7
0.972628098509
1.0
1.0
0.365355361609
1.0
1.0
0.884059238804
0.204659397467
1.0
0.372581004021
1.0
1.0
0.982766200201
1.0
1.0
0.582425023725
0.8354930439
1.0
1.0
0.913643191784
0.904468542473
0.964819509322
1.0
0.973487612765
0.948917216312
0.971547676162
1.0
1.0
1.0
0.971547676162
1.0
1.0
0.925
1.0
1.0
1.0
1.0
1.0
1.0
1.0
0.921545339633
1.0
1.0
0.7
0.883658476009
1.0
1.0
0.925
0.8354930439
1.0
0.204659397467
0.948072015944
0.925
0.880928849615
1.0
1.0
1.0
1.0
1.0
