1.0
0.055019988707
0.7
1.0
0.775
1.0
1.0
-0.5
0.219015947133
0.85
0.55
1.0
1.0
1.0
1.0
0.0224588370147
0.668421052632
1.0
1.0
0.250461026996
1.0
0.0702172966261
0.7
0.0
0.7
0.0564014850076
-0.5
1.0
0.0668674693209
1.0
0.7
0.668421052632
1.0
0.0483970064143
-0.5
0.7
1.0
1.0
1.0
0.85
1.0
1.0
0.227941176471
1.0
1.0
-0.5
0.668421052632
0.0213523297936
0.0527173708312
1.0
1.0
1.0
0.0608862387473
1.0
-0.5
0.652272727273
1.0
1.0
1.0
0.0696704466119
0.908011162444
0.775
0.623800636129
0.0507102309394
1.0
0.668421052632
0.7
1.0
0.1
1.0
1.0
1.0
0.668421052632
0.0
1.0
1.0
-0.5
0.668421052632
0.0520534600655
1.0
1.0
0.668421052632
-0.5
1.0
1.0
1.0
0.0
0.0370219570136
1.0
0.0475980402281
1.0
1.0
1.0
1.0
0.7
1.0
1.0
1.0
1.0
1.0
-0.5
-0.5
-0.5
1.0
-0.5
1.0
0.595379583497
0.0608862387473
1.0
1.0
-0.5
0.0377235329343
0.668421052632
0.22
1.0
1.0
1.0
0.590909090909
0.0643430085925
0.0715628708225
1.0
1.0
0.0239803458793
0.834210526316
0.263636363636
-0.5
0.0182588416095
-0.5
0.935714285714
0.9625
1.0
0.7
1.0
1.0
0.0554589353512
0.708823529412
0.726086956522
0.0632819221678
-0.5
0.7
-0.5
1.0
1.0
0.0641015809909
1.0
1.0
1.0
0.614285714286
0.953360152869
1.0
1.0
0.0
0.775
1.0
0.775
0.055862629089
1.0
-0.5
0.0104227788603
1.0
0.795454545455
-0.5
1.0
1.0
0.0480730316751
1.0
0.7
0.775
0.775
0.614285714286
0.668421052632
0.0220506206474
0.0
0.171052631579
1.0
0.0
0.694853267708
1.0
0.239403513937
0.7
1.0
-0.5
1.0
1.0
1.0
1.0
1.0
-0.5
1.0
0.0483970064143
0.0615407173503
0.834210526316
0.1
1.0
-0.5
1.0
1.0
-0.5
-0.5
1.0
0.0532258577173
1.0
0.668421052632
1.0
1.0
1.0
1.0
0.060242696834
1.0
0.775
1.0
1.0
0.00125350755248
1.0
0.0
1.0
0.726086956522
1.0
1.0
1.0
0.668421052632
1.0
1.0
0.775
1.0
1.0
0.775
1.0
1.0
1.0
1.0
0.529230769231
1.0
1.0
0.325
0.65
1.0
1.0
0.7
0.91
1.0
0.029237056781
1.0
0.935714285714
0.2
0.935714285714
1.0
1.0
0.775
1.0
