1.0
0.675718714358
0.733333333333
1.0
0.844444444444
1.0
1.0
-0.5
0.456366036093
0.866666666667
0.630769230769
1.0
1.0
1.0
1.0
0.23237151914
0.705263157895
1.0
1.0
0.439328488566
1.0
0.768165685689
0.733333333333
0.0
0.733333333333
0.677508852368
-0.5
1.0
0.407669537354
1.0
0.733333333333
0.705263157895
1.0
0.821595092907
-0.5
0.733333333333
1.0
1.0
1.0
0.866666666667
1.0
1.0
0.455462184874
1.0
1.0
-0.5
0.726315789474
0.739421636226
0.519053608258
1.0
1.0
1.0
0.341671976027
1.0
-0.5
0.903636363636
1.0
1.0
1.0
0.583785337668
0.884456042253
0.888888888889
0.616022324889
0.710944271403
1.0
0.705263157895
0.733333333333
1.0
0.478846948274
1.0
1.0
1.0
0.705263157895
0.0
1.0
1.0
-0.5
0.705263157895
0.761249777274
1.0
1.0
0.705263157895
-0.5
1.0
1.0
1.0
0.0
0.471256294405
1.0
0.556900610245
1.0
1.0
1.0
1.0
0.733333333333
1.0
1.0
1.0
1.0
1.0
-0.5
-0.5
-0.5
1.0
-0.5
1.0
0.590759166994
0.598244644468
1.0
1.0
-0.5
0.395447065869
0.705263157895
0.522279030534
1.0
1.0
1.0
0.636363636364
0.63394917508
0.743125741645
1.0
1.0
0.54339928825
0.852631578947
0.345454545455
-0.5
0.836517683219
-0.5
0.942857142857
0.966666666667
1.0
0.733333333333
1.0
1.0
0.855747948652
0.795588235294
0.75652173913
0.321991744026
-0.5
0.733333333333
-0.5
1.0
1.0
0.357456045984
1.0
1.0
1.0
0.657142857143
0.906720305739
1.0
1.0
0.0
0.8
1.0
0.833333333333
0.53359426376
1.0
-0.5
0.287512224387
1.0
0.818181818182
-0.5
1.0
1.0
0.50761527249
1.0
0.742935298364
0.844444444444
0.888888888889
0.657142857143
0.705263157895
0.844101241295
0.0
0.301052631579
1.0
0.0
0.857320477054
1.0
0.256584805651
0.733333333333
1.0
-0.5
1.0
1.0
1.0
1.0
1.0
-0.5
1.0
0.196794012829
0.336414768034
0.852631578947
1.0
1.0
-0.5
1.0
1.0
-0.5
-0.5
1.0
0.613955141224
1.0
0.705263157895
1.0
1.0
1.0
1.0
0.38905682224
1.0
0.888888888889
1.0
1.0
0.242507015105
1.0
0.0
1.0
0.75652173913
1.0
1.0
1.0
0.705263157895
1.0
1.0
0.823529411765
1.0
1.0
0.861538461538
1.0
1.0
1.0
1.0
0.634979757085
1.0
1.0
0.4
0.741353383459
1.0
1.0
0.733333333333
0.92
1.0
0.229902684991
1.0
0.942857142857
0.473959324017
0.942857142857
1.0
1.0
0.844444444444
1.0
