1.0
0.624164701443
0.8
1.0
0.883333333333
1.0
1.0
-0.5
0.475235604722
0.9
0.723076923077
1.0
1.0
1.0
1.0
0.214743038279
0.778947368421
1.0
1.0
0.457604345552
1.0
0.751667505832
0.8
0.0
0.8
0.649135351795
-0.5
1.0
0.427469877283
1.0
0.8
0.778947368421
1.0
0.643190185814
-0.5
0.8
1.0
1.0
1.0
0.9
1.0
1.0
0.591596638655
1.0
1.0
-0.5
0.794736842105
0.550271843881
0.461184139593
1.0
1.0
1.0
0.375651644362
1.0
-0.5
0.927727272727
1.0
1.0
1.0
0.612015119781
0.78993938662
0.916666666667
0.600465702409
0.659983780901
1.0
0.778947368421
0.8
1.0
0.492307692308
1.0
1.0
1.0
0.778947368421
0.0
1.0
1.0
-0.5
0.778947368421
0.701070983119
1.0
1.0
0.778947368421
-0.5
1.0
1.0
1.0
0.0
0.416196799336
1.0
0.51380122049
1.0
1.0
1.0
1.0
0.8
1.0
1.0
1.0
1.0
1.0
-0.5
-0.5
-0.5
1.0
-0.5
1.0
0.581518333988
0.521007499208
1.0
1.0
-0.5
0.390894131737
0.778947368421
0.511224727734
1.0
1.0
1.0
0.727272727273
0.636319402791
0.73625148329
1.0
1.0
0.467500330886
0.889473684211
0.509090909091
-0.5
0.673035366438
-0.5
0.957142857143
0.975
1.0
0.8
1.0
1.0
0.711495897303
0.846691176471
0.817391304348
0.377316821385
-0.5
0.8
-0.5
1.0
1.0
0.389994618362
1.0
1.0
1.0
0.742857142857
0.813440611477
1.0
1.0
0.0
0.85
1.0
0.875
0.442188527521
1.0
-0.5
0.241691115441
1.0
0.863636363636
-0.5
1.0
1.0
0.488914755507
1.0
0.8
0.883333333333
0.916666666667
0.742857142857
0.778947368421
0.68820248259
0.0
0.475789473684
1.0
0.0
0.767272533056
1.0
0.29094738908
0.8
1.0
-0.5
1.0
1.0
1.0
1.0
1.0
-0.5
1.0
0.268588025657
0.406162869401
0.889473684211
1.0
1.0
-0.5
1.0
1.0
-0.5
-0.5
1.0
0.531768189248
1.0
0.778947368421
1.0
1.0
1.0
1.0
0.442399358765
1.0
0.916666666667
1.0
1.0
0.18501403021
1.0
0.0
1.0
0.817391304348
1.0
1.0
1.0
0.778947368421
1.0
1.0
0.867647058824
1.0
1.0
0.896153846154
1.0
1.0
1.0
1.0
0.726234817814
1.0
1.0
0.55
0.806015037594
1.0
1.0
0.8
0.94
1.0
0.245519655696
1.0
0.957142857143
0.503474203589
0.957142857143
1.0
1.0
0.883333333333
1.0
