1.0
0.91652603787
1.0
0.623062292671
0.617768102238
1.0
1.0
0.265141370147
0.47117280512
1.0
0.568594828479
1.0
1.0
1.0
0.856071986307
0.954374538829
0.952579460269
1.0
1.0
0.320496340513
1.0
0.35108648313
0.954374538829
1.0
0.954374538829
0.456561710925
1.0
1.0
1.0
1.0
0.954374538829
0.952579460269
1.0
0.241985032072
0.174140646222
1.0
1.0
1.0
1.0
0.762459068456
0.705695647408
1.0
1.0
1.0
1.0
1.0
0.952579460269
0.106761648968
0.5
1.0
1.0
1.0
0.911223640293
0.5
0.954374538829
0.853850526455
1.0
1.0
1.0
0.5
0.709715560254
0.875
0.701964553502
0.253551154697
0.856071986307
0.658432396936
0.908818464343
1.0
1.0
1.0
1.0
1.0
0.875
1.0
0.991907055426
1.0
-0.5
0.955812687942
0.903382699004
1.0
1.0
0.777162224244
1.0
0.856071986307
1.0
1.0
1.0
0.185109785068
1.0
0.732710605428
1.0
1.0
1.0
1.0
0.954374538829
1.0
1.0
1.0
1.0
1.0
-0.5
0.77910479351
-0.5
1.0
0.6414589854
1.0
0.618757433442
0.5
1.0
1.0
0.954374538829
1.0
1.0
0.648034222962
1.0
1.0
1.0
0.787934572975
0.321715042963
0.769116987306
1.0
1.0
1.0
0.849373895083
0.954374538829
1.0
0.0912942080474
1.0
1.0
1.0
1.0
1.0
1.0
1.0
0.277294676756
0.760833241062
0.856884078055
0.316409610839
0.176447919879
1.0
0.243497153823
1.0
1.0
0.320507904954
1.0
1.0
1.0
0.950631757898
0.641800764347
1.0
1.0
0.739199483644
0.884118178743
1.0
1.0
0.954374538829
1.0
1.0
1.0
1.0
0.847124419309
0.116859591356
1.0
1.0
1.0
1.0
0.954374538829
1.0
-0.5
0.735122391947
0.663763112515
1.0
1.0
0.62223382846
1.0
0.75795040499
0.565443012664
1.0
0.535699165784
1.0
1.0
1.0
1.0
1.0
0.76705398973
1.0
1.0
0.836059185551
1.0
0.241985032072
0.5
0.954380164181
1.0
1.0
0.260968115435
1.0
1.0
0.806765398007
0.146185283905
1.0
0.266129288586
1.0
1.0
0.971277000335
1.0
1.0
0.601511149562
0.725821739834
1.0
1.0
0.856071986307
0.840780904121
0.94136584887
1.0
0.955812687942
0.914862027187
0.952579460269
1.0
1.0
1.0
0.952579460269
1.0
1.0
0.875
1.0
1.0
1.0
1.0
1.0
1.0
1.0
0.869242232722
1.0
1.0
0.5
0.806097460014
1.0
1.0
0.875
0.725821739834
1.0
0.146185283905
0.913453359907
0.875
0.801548082692
1.0
1.0
1.0
1.0
1.0
