1.0
0.275099943535
0.833333333333
1.0
0.875
1.0
1.0
-0.5
0.367807008394
0.916666666667
0.75
1.0
1.0
1.0
1.0
0.112294185074
0.815789473684
1.0
1.0
0.256215958256
1.0
0.35108648313
0.833333333333
0.0
0.833333333333
0.282007425038
-0.5
1.0
0.334337346604
1.0
0.833333333333
0.815789473684
1.0
0.241985032072
-0.5
0.833333333333
1.0
1.0
1.0
0.916666666667
1.0
1.0
0.571078431373
1.0
1.0
-0.5
0.815789473684
0.106761648968
0.263586854156
1.0
1.0
1.0
0.304431193736
1.0
-0.5
0.806818181818
1.0
1.0
1.0
0.348352233059
0.750582128012
0.875
0.59268739117
0.253551154697
1.0
0.815789473684
0.833333333333
1.0
0.5
1.0
1.0
1.0
0.815789473684
0.0
1.0
1.0
-0.5
0.815789473684
0.260267300327
1.0
1.0
0.815789473684
-0.5
1.0
1.0
1.0
0.0
0.185109785068
1.0
0.23799020114
1.0
1.0
1.0
1.0
0.833333333333
1.0
1.0
1.0
1.0
1.0
-0.5
-0.5
-0.5
1.0
-0.5
1.0
0.576897917485
0.304431193736
1.0
1.0
-0.5
0.188617664671
0.815789473684
0.566666666667
1.0
1.0
1.0
0.772727272727
0.321715042963
0.357814354113
1.0
1.0
0.119901729397
0.907894736842
0.590909090909
-0.5
0.0912942080474
-0.5
0.964285714286
0.979166666667
1.0
0.833333333333
1.0
1.0
0.277294676756
0.838235294118
0.847826086957
0.316409610839
-0.5
0.833333333333
-0.5
1.0
1.0
0.320507904954
1.0
1.0
1.0
0.785714285714
0.766800764347
1.0
1.0
0.0
0.875
1.0
0.875
0.279313145445
1.0
-0.5
0.0521138943017
1.0
0.886363636364
-0.5
1.0
1.0
0.240365158375
1.0
0.833333333333
0.875
0.875
0.785714285714
0.815789473684
0.110253103237
0.0
0.539473684211
1.0
0.0
0.63216107538
1.0
0.308128680795
0.833333333333
1.0
-0.5
1.0
1.0
1.0
1.0
1.0
-0.5
1.0
0.241985032072
0.307703586751
0.907894736842
0.5
1.0
-0.5
1.0
1.0
-0.5
-0.5
1.0
0.266129288586
1.0
0.815789473684
1.0
1.0
1.0
1.0
0.30121348417
1.0
0.875
1.0
1.0
0.0062675377624
1.0
0.0
1.0
0.847826086957
1.0
1.0
1.0
0.815789473684
1.0
1.0
0.875
1.0
1.0
0.875
1.0
1.0
1.0
1.0
0.738461538462
1.0
1.0
0.625
0.805555555556
1.0
1.0
0.833333333333
0.95
1.0
0.146185283905
1.0
0.964285714286
0.555555555556
0.964285714286
1.0
1.0
0.875
1.0
