0.931089618388
0.655429216107
0.644417617639
0.596682874598
0.415954630646
0.880844401007
0.716588284478
0.512929288837
0.547999933034
0.872945955254
0.421266965868
0.567738138063
0.895198755906
0.957587674035
0.786047399676
0.544407645777
0.724978675123
1.0
0.721908396625
0.372809574106
0.690559375594
0.627404019078
0.772280040959
0.924065223733
0.900788713749
0.547766596395
0.873594939063
0.955124485083
0.68554351241
0.977187269414
0.860144843676
0.952579460269
0.608657930035
0.184212060033
0.173254677446
0.720629071626
0.921504854702
0.686175773813
0.860215303702
0.612178885839
0.51355145376
0.916002975246
0.723251947367
0.910242543989
0.889498302058
0.8652084155
0.830856615907
0.328371828557
0.256448506883
0.615544932415
0.799990752661
0.89878010828
0.676624360107
0.50145209112
0.827106780864
0.699754897796
1.0
0.89322978489
0.842194759173
0.456248910224
0.560806209095
0.618964508025
0.625649599619
0.450131564942
0.77265367098
0.615971604456
0.740785405205
0.634914251198
0.559058891975
0.711939189554
0.948479669371
0.800365011744
0.520560714733
0.91547837968
0.773370343667
0.924950513209
-0.5
0.895799999511
0.66487323079
0.871391179015
0.878624496862
0.63587762655
0.912561724089
0.684916782237
0.950817529819
0.482927205522
0.91510477529
0.558453640429
0.824851999779
0.548446555054
0.83836020055
0.896089126619
0.893104973899
0.935660780249
0.671429012449
0.788443603044
0.71300401216
0.80054413786
0.705486023489
0.833850709654
-0.5
0.690162495551
-0.5
0.977187269414
0.44493919883
0.908760757633
0.520166311402
0.385611029252
0.838351313459
0.793872409079
0.906259817187
0.766335073673
0.741460019565
0.49721302494
0.88481798129
0.802070728438
1.0
0.702327737982
0.543685207528
0.760202274125
0.920492246779
0.622674799677
0.780066583935
0.602522438163
0.742238064546
0.60754291226
0.412793890559
0.935121393252
0.876202318837
0.854957140736
0.803147887851
0.734230493345
0.932228766141
0.88976505337
0.520789760816
0.531863579864
0.620661470351
0.553600088189
0.431883034683
0.851270788472
0.463470510699
0.98867776321
0.815559659242
0.430919315985
0.792387421513
0.819072457526
0.612725894405
0.837638937571
0.659159218266
0.717480079665
0.882717570983
0.54070070804
0.806863631239
0.946772678463
0.880768369677
0.686658945729
0.83012472159
0.720129590959
0.731463797355
0.665489400866
0.651672692977
0.262900652331
1.0
1.0
0.688392862623
0.931803950848
0.783091636448
0.667433722497
-0.5
0.61396175957
0.51033629823
0.805126551619
0.944349604474
0.46086566231
0.65691986417
0.63387593026
0.495255813555
0.69149779
0.543015672902
0.856694021038
0.714814994758
0.817510287492
0.887078809643
1.0
0.620495188581
0.984791512943
0.658871951574
0.874484366707
0.708151535693
0.179261429758
0.389453207066
0.931570246272
0.903167470565
0.735345984784
0.36770695423
0.921576432155
0.816572044927
0.556338273561
0.400628336755
0.936144329739
0.541525542441
0.916142846204
0.604316075196
0.735638500167
0.76607629601
0.985341462217
0.547764393486
0.507230176238
0.895331590965
0.955842138693
0.695616150844
0.691607178409
0.609203429437
0.613078646997
0.844142702056
0.8756686666
0.724077561034
0.756065041654
0.86057038628
0.882800656139
0.764333008412
0.728577602994
0.722248660995
0.655117187808
0.856244832594
0.899059076882
1.0
0.79333691178
0.809672242313
0.837419717453
1.0
0.788347163205
0.729904939691
0.875891434738
0.415726959639
0.502270183248
0.733003823892
0.852386398676
0.76158224911
0.462382017036
0.768941386484
0.499605436507
0.775598755082
0.843562818465
0.632167105528
1.0
0.930011235216
0.931120131649
0.643116276318
0.83838292569
