0.907036073124
0.428651379638
0.59351951566
0.809450131354
0.54896045014
0.831051031193
0.629191377752
-0.5
0.428239993162
0.733802719457
0.506319144387
0.682213380404
0.936538461538
0.963636363636
0.95
0.160353092178
0.797589900456
1.0
0.725541957021
0.324208072942
0.740710681637
0.406851751518
0.723745107304
0.0
0.870847893822
0.453610493965
-0.5
0.905831021403
0.437029183838
0.983333333333
0.811496605557
0.963157894737
0.72012371822
0.331581708059
-0.5
0.677701534213
1.0
0.522941565962
0.787264236376
0.630389766526
0.767451352045
0.836433250233
0.718155553209
0.903437332556
0.831876572537
-0.5
0.844483258106
0.140263281147
0.347534348711
0.547319268641
0.850879621068
0.906781942578
0.411950454104
0.490669761694
-0.5
0.558446590571
0.977777777778
0.816914640239
0.802810906053
0.42680943964
0.408849110943
0.603058731467
0.501669336368
0.383485606036
0.890232347153
0.912170452487
0.675673493022
0.776686194352
0.567590368208
0.712598367376
1.0
0.582323687806
0.486963747464
0.0
0.823002486663
0.88574425711
-0.5
0.911644136697
0.390168647072
0.974615384615
0.956031746032
0.711981641854
-0.5
1.0
0.926076272615
0.688243721726
0.0
0.306061289325
0.869176716836
0.366767490019
0.800679272568
0.930836923535
0.874095698001
0.891688594881
0.739855773993
1.0
0.698147850436
0.755762141409
0.642533424224
0.661439594598
-0.5
-0.5
-0.5
0.983333333333
-0.5
0.825748751995
0.433651021435
0.376394062045
0.810274305188
0.877924865979
-0.5
0.339511796409
0.809631210148
0.608806895263
0.850365069717
0.722249207187
1.0
0.940625
0.447770168425
0.508436045324
0.783038605452
0.586998289746
0.191140797641
0.639528453402
0.768899612168
-0.5
0.144759140963
-0.5
0.80305703105
0.787750301776
0.657529401461
0.761326875029
1.0
0.80929647064
0.370816351077
0.647083102068
0.572641229948
0.532057723231
-0.5
0.714231863694
-0.5
0.993181818182
1.0
0.462596262477
0.778574988127
0.651394510284
0.621739560465
0.794625689859
0.428097745175
0.578899531222
0.826101242746
0.0
0.975
0.710394779476
0.686761502308
0.383412067846
0.807859152803
-0.5
0.0938050097431
0.78478083993
0.728325707237
-0.5
0.955555555556
0.983333333333
0.383668264123
0.870345833047
0.607666991411
0.840411978691
0.688636137894
0.739053718863
0.551703964977
0.198455585827
0.0
0.564793871484
0.632276745934
0.0
0.51169877065
0.634883496152
0.316441775443
0.74498909356
0.782282679813
-0.5
0.785066038276
1.0
0.804497651547
0.977777777778
0.518786972201
-0.5
0.682799327593
0.322670573565
0.490758658
0.972368421053
0.69156634963
0.825850499686
-0.5
0.613227565115
0.679078392755
-0.5
-0.5
0.937661271589
0.416048583868
0.932171454786
0.549209610392
0.977272727273
0.996323529412
0.996428571429
0.646781035252
0.370707760997
0.978125
0.970833333333
0.746162612683
0.594341654231
0.0112815679723
0.760435336049
0.0
0.991666666667
0.784955214121
0.75451193353
0.791773064554
0.854598638897
0.780062830905
0.70869682756
0.618082527325
0.471988420452
0.924964554843
0.939814190299
0.803895939791
0.734275977604
0.625004092933
0.871765964356
1.0
0.867611409403
0.742964727512
0.803563694664
0.76080852735
0.483320436573
0.759172486498
0.70680888995
0.753797747627
0.551269910045
0.773912056261
0.221642630177
0.781946366745
0.80395813559
0.528516584737
0.992857142857
0.880904773357
0.851016236967
0.593788572854
0.73436991882
