1.0
0.550735453919
0.966666666667
1.0
0.980555555556
1.0
1.0
-0.5
0.600530110623
0.983333333333
0.953846153846
1.0
1.0
1.0
1.0
0.214629533133
0.963157894737
1.0
1.0
0.503293988019
1.0
0.710422056189
0.966666666667
0.0
0.966666666667
0.578201600363
-0.5
1.0
0.628473890555
1.0
0.966666666667
0.963157894737
1.0
0.449858772015
-0.5
0.966666666667
1.0
1.0
1.0
0.983333333333
1.0
1.0
0.931932773109
1.0
1.0
-0.5
0.965789473684
0.229670968142
0.49737163829
1.0
1.0
1.0
0.564642815392
1.0
-0.5
0.987954545455
1.0
1.0
1.0
0.682589575062
0.593153093579
0.986111111111
0.56157414621
0.532582554645
1.0
0.963157894737
0.966666666667
1.0
0.915384615385
1.0
1.0
1.0
0.963157894737
0.0
1.0
1.0
-0.5
0.963157894737
0.550623997732
1.0
1.0
0.963157894737
-0.5
1.0
1.0
1.0
0.0
0.367717736961
1.0
0.459151592822
1.0
1.0
1.0
1.0
0.966666666667
1.0
1.0
1.0
1.0
1.0
-0.5
-0.5
-0.5
1.0
-0.5
1.0
0.558416251474
0.590081411883
1.0
1.0
-0.5
0.379511796409
0.963157894737
0.913333333333
1.0
1.0
1.0
0.954545454545
0.642244972069
0.719065837403
1.0
1.0
0.277752937475
0.981578947368
0.918181818182
-0.5
0.264329574485
-0.5
0.992857142857
0.995833333333
1.0
0.966666666667
1.0
1.0
0.577463751495
0.974448529412
0.969565217391
0.582037299511
-0.5
0.966666666667
-0.5
1.0
1.0
0.589414228918
1.0
1.0
1.0
0.957142857143
0.580241375824
1.0
1.0
0.0
0.975
1.0
0.979166666667
0.518148277186
1.0
-0.5
0.127138343076
1.0
0.977272727273
-0.5
1.0
1.0
0.443768396187
1.0
0.966666666667
0.980555555556
0.986111111111
0.957142857143
0.963157894737
0.298455585827
0.0
0.912631578947
1.0
0.0
0.585964783143
1.0
0.376853847653
0.966666666667
1.0
-0.5
1.0
1.0
1.0
1.0
1.0
-0.5
1.0
0.448073057729
0.580533122819
0.981578947368
1.0
1.0
-0.5
1.0
1.0
-0.5
-0.5
1.0
0.504238763412
1.0
0.963157894737
1.0
1.0
1.0
1.0
0.575755700078
1.0
0.986111111111
1.0
1.0
0.0412815679723
1.0
0.0
1.0
0.969565217391
1.0
1.0
1.0
0.963157894737
1.0
1.0
0.977941176471
1.0
1.0
0.982692307692
1.0
1.0
1.0
1.0
0.954372469636
1.0
1.0
0.925
0.967669172932
1.0
1.0
0.966666666667
0.99
1.0
0.284562082458
1.0
0.992857142857
0.911111111111
0.992857142857
1.0
1.0
0.980555555556
1.0
