0.907036073124
0.663474834865
0.604630626771
0.58651453567
0.533955256103
0.828326593342
0.629191377752
0.412253732267
0.457513583637
0.746302719457
0.587871063372
0.622573757315
0.979039751181
0.962052604421
0.935607198631
0.742003324396
0.815963259277
1.0
0.725541957021
0.324208072942
0.698934760152
0.406851751518
0.739883934703
0.984813044747
0.89259630618
0.489384810428
0.907036073124
0.905831021403
0.623420739713
0.995437453883
0.829652786381
0.990515892054
0.7112461672
0.331581708059
0.311858419402
0.691664306484
0.879380888366
0.522941565962
0.787826759068
0.59363062557
0.759836098841
0.8405999169
0.774765572065
0.903437332556
0.846647130984
0.808414173907
0.864431797817
0.140263281147
0.445545516372
0.547319268641
0.811604981697
0.932193484384
0.663766334396
0.512992670655
0.879537578193
0.561974016419
1.0
0.821536782823
0.804143222427
0.548479476417
0.413106927736
0.603058731467
0.518060910718
0.383485606036
0.866244344871
0.878573904388
0.683222006123
0.776686194352
0.637457670108
0.719571181477
0.983333333333
0.582323687806
0.604750667494
0.822861083424
0.816315414274
0.88574425711
-0.5
0.934539583399
0.639811116647
0.972070100779
0.959746678475
0.70811891691
0.873004965086
0.80556382446
0.926076272615
0.630989649011
0.878438595522
0.292522522021
0.859157728708
0.548469510693
0.824141036412
0.932035193171
0.874095698001
0.891688594881
0.644559436376
0.832531818813
0.752797096062
0.755762141409
0.640355790894
0.661439594598
-0.5
0.84028470107
-0.5
0.995437453883
0.551688085297
0.825748751995
0.43888346093
0.621958136302
0.810274305188
0.820386099924
0.909848496262
0.727386756439
0.872448948782
0.600788329195
0.842031736384
0.731283933971
1.0
0.935991821622
0.432213366256
0.859541443685
0.871875792961
0.567200852224
0.680134887915
0.62782428505
0.741646447164
0.54833094615
0.124774668936
0.98702427865
0.808414173907
0.804649596082
0.675763499939
0.768170079246
0.861345112387
0.82179647064
0.367782601042
0.560621772837
0.611508127797
0.532057723231
0.28694178511
0.736454085916
0.33899041824
0.997735552642
0.807147675416
0.460862063902
0.836414139438
0.661116732506
0.607844560273
0.814303480832
0.608076961195
0.578899531222
0.829226242746
0.82309848083
0.961372726248
0.938323600679
0.831577664099
0.673842212291
0.812218263058
0.563570038195
0.592121622838
0.773075304525
0.704462482482
0.137498892094
1.0
1.0
0.653856377121
0.884234721936
0.617753758535
0.757224386724
-0.5
0.72893534011
0.536501328861
0.599227792913
0.883162621386
0.581634865771
0.632276745934
0.719111295528
0.439480724933
0.546395143224
0.433920500633
0.767211315782
0.6635586528
0.717081048033
0.785066038276
1.0
0.777076674477
0.996958302589
0.518786972201
0.96721183711
0.683266529614
0.322670573565
0.636335686481
0.986314049254
0.816820738253
0.834994416425
0.329253924369
0.936830217621
0.714589508046
0.541092121869
0.236790655133
0.984804748369
0.416048583868
0.923312397555
0.708764227417
0.947127700033
0.902797486713
0.997068292443
0.406486979132
0.57736816656
0.975
0.9875
0.726972210857
0.81442262592
0.526358029971
0.490567956496
0.84828034875
0.97513373332
0.787480456784
0.752876393683
0.8063173417
0.854598638897
0.78098485372
0.559439096066
0.745520999014
0.616258183683
0.914541383458
0.938279439528
1.0
0.734275977604
0.625004092933
0.895937568505
1.0
0.895177183726
0.667735788225
0.805614494488
0.74830852735
0.483347531796
0.743597352769
0.70680888995
0.760047747627
0.536324692701
0.773912056261
0.221642630177
0.790182446972
0.790565278447
0.53828324691
1.0
0.880904773357
0.851016236967
0.655218315312
0.745481029932
