1.0
0.899831245444
1.0
0.758835930074
0.580001992812
1.0
1.0
0.660870838099
0.711655179662
1.0
0.482313794175
1.0
1.0
1.0
0.827286383568
0.945249446594
0.943095352323
1.0
1.0
0.460794197102
1.0
0.813240799008
0.945249446594
1.0
0.945249446594
0.578778160227
1.0
1.0
1.0
1.0
0.945249446594
0.943095352323
1.0
0.193588025657
0.139312516978
1.0
1.0
1.0
1.0
0.840517284944
0.646834776889
1.0
1.0
1.0
1.0
1.0
0.943095352323
0.443128986738
0.4
1.0
1.0
1.0
0.893468368351
0.68875990601
0.945249446594
0.975764429345
1.0
1.0
1.0
0.538931539601
0.74089950531
0.900946343795
0.731598297208
0.609946050851
0.827286383568
0.590118876324
0.890582157212
1.0
1.0
1.0
1.0
1.0
0.85
1.0
0.990288466512
1.0
-0.5
0.946975225531
0.884059238804
1.0
1.0
0.732594669093
1.0
0.827286383568
1.0
1.0
1.0
0.644450792459
1.0
0.768493559519
1.0
1.0
1.0
1.0
0.945249446594
1.0
1.0
1.0
1.0
1.0
-0.5
0.734925752212
-0.5
1.0
0.56975078248
1.0
0.631749753136
0.4
1.0
1.0
0.945249446594
1.0
1.0
0.624247448233
1.0
1.0
1.0
0.745521487571
0.730525718371
0.747721675673
1.0
1.0
1.0
0.819248674099
0.945249446594
1.0
0.654255709153
1.0
1.0
1.0
1.0
1.0
1.0
1.0
0.68820248259
0.712999889274
0.828260893666
0.596483081616
0.489176124752
1.0
0.561308829033
1.0
1.0
0.526877769189
1.0
1.0
1.0
0.940758109478
0.768903825802
1.0
1.0
0.732218851772
0.860941814492
1.0
1.0
0.945249446594
1.0
1.0
1.0
1.0
0.821644594577
0.312857473992
1.0
1.0
1.0
1.0
0.945249446594
1.0
-0.5
0.682146870337
0.596515735018
1.0
1.0
0.591438945459
1.0
0.709540485988
0.596132186892
1.0
0.775487420658
1.0
1.0
1.0
1.0
1.0
0.720464787676
1.0
1.0
0.849381240048
1.0
0.193588025657
0.439969942488
0.945256197017
1.0
1.0
0.440170287545
1.0
1.0
0.768118477609
0.43497435627
1.0
0.653248087629
1.0
1.0
0.965532400402
1.0
1.0
0.674459012549
0.670986087801
1.0
1.0
0.827286383568
0.867767087217
0.929639018643
1.0
0.946975225531
0.897834432624
0.943095352323
1.0
1.0
1.0
0.943095352323
1.0
1.0
0.946495370101
1.0
1.0
1.0
1.0
1.0
1.0
1.0
0.843090679266
1.0
1.0
0.4
0.783647618117
1.0
1.0
0.942360081011
0.670986087801
1.0
0.593057730936
0.896144031888
0.940068239259
0.761857699231
1.0
1.0
1.0
1.0
1.0
