0.788456468819
0.142883793213
0.345987986701
0.624754982056
0.328820150047
0.709765548409
0.591674903695
-0.5
0.169273052753
0.661267573152
0.285439714796
0.560737793468
0.555769230769
0.745454545455
0.65
0.053451030726
0.463822139558
1.0
0.533513985674
0.156696381154
0.509024772667
0.135617250506
0.537544665398
0.0
0.648957095212
0.151203497988
-0.5
0.87337224523
0.145676394613
0.883333333333
0.603832201852
0.742105263158
0.513510627162
0.11052723602
-0.5
0.409233844738
1.0
0.340980521987
0.767471917176
0.406480684703
0.755817117348
0.751033305633
0.29726845467
0.884479110852
0.787393200947
-0.5
0.588511963228
0.0467544270491
0.115844782904
0.388788962563
0.866959873689
0.657317627583
0.137316818035
0.330223253898
-0.5
0.339557954433
0.844444444444
0.821687596129
0.628714746462
0.142269813213
0.373125142244
0.367686243822
0.483012585807
0.127828535345
0.852299671273
0.71984629118
0.447446719896
0.425562064784
0.189196789403
0.562094192634
1.0
0.471885673713
0.274601950909
0.0
0.676214275815
0.850803641259
-0.5
0.716162080654
0.130056215691
0.822307692308
0.692222222222
0.447853529741
-0.5
1.0
0.892025424205
0.466451610946
0.0
0.102020429775
0.814148056611
0.122255830006
0.669923393886
0.864445641178
0.777476343778
0.852785087183
0.50587785059
1.0
0.632715950145
0.696365158247
0.578761141408
0.553813198199
-0.5
-0.5
-0.5
0.883333333333
-0.5
0.837749583998
0.394550340478
0.125464687348
0.770091435063
0.719609214585
-0.5
0.113170598803
0.585666543734
0.220395949215
0.727899467683
0.594269356041
1.0
0.584375
0.149256722808
0.169478681775
0.669346201817
0.445666096582
0.0637135992138
0.534813578035
0.330542294965
-0.5
0.0482530469875
-0.5
0.731971391302
0.528952481544
0.573305764549
0.459038782904
1.0
0.68643215688
0.123605450359
0.366021164742
0.29522823607
0.17735257441
-0.5
0.534373584194
-0.5
0.952272727273
1.0
0.154198754159
0.592858329376
0.541205577502
0.440579853488
0.550589515667
0.476032581725
0.41518873263
0.754533747582
0.0
0.825
0.653464926492
0.562253834103
0.127804022615
0.673115669018
-0.5
0.031268336581
0.51459481379
0.448793754264
-0.5
0.688888888889
0.883333333333
0.127889421374
0.753078240645
0.525789705842
0.548655844749
0.437878712631
0.627303620573
0.394427637449
0.0661518619422
0.0
0.210194448389
0.444092248645
0.0
0.348197835831
0.469564339987
0.194369480703
0.54462599415
0.760760893271
-0.5
0.70613312387
1.0
0.625858191541
0.844444444444
0.406262324067
-0.5
0.519266442531
0.107556857855
0.163586219333
0.806578947368
0.230522116543
0.580839055451
-0.5
0.537742521705
0.531915019807
-0.5
-0.5
0.887553757196
0.138682861289
0.894057151595
0.303974722097
0.840909090909
0.974264705882
0.975
0.548196017599
0.123569253666
0.846875
0.795833333333
0.693165315339
0.448113884744
0.00376052265744
0.697922889794
0.0
0.941666666667
0.593459518361
0.612615088954
0.600525662041
0.770977324077
0.540722698021
0.625121164742
0.350764351214
0.290662806817
0.804154851614
0.846340179835
0.642965313264
0.605869770313
0.5638902532
0.786620400817
1.0
0.464417478348
0.618025279541
0.739445473979
0.336936175783
0.262958664043
0.591292789617
0.56893629665
0.584599249209
0.383756636682
0.713745904892
0.0738808767258
0.538426566693
0.732271759482
0.197777133184
0.95
0.849190480008
0.783672078989
0.385429524285
0.615160343311
