1.0
0.983305207574
1.0
0.924612458534
0.923553620448
1.0
1.0
0.477254466265
0.563030110623
1.0
0.913718965696
1.0
1.0
1.0
0.971214397261
0.990874907766
0.990515892054
1.0
1.0
0.461188724861
1.0
0.631955669635
0.990874907766
1.0
0.990874907766
0.507613365068
1.0
1.0
1.0
1.0
0.990874907766
0.990515892054
1.0
0.435573057729
0.3134531632
1.0
1.0
1.0
1.0
0.952491813691
0.941139129482
1.0
1.0
1.0
1.0
1.0
0.990515892054
0.192170968142
0.9
1.0
1.0
1.0
0.982244728059
0.9
0.990874907766
0.970770105291
1.0
1.0
1.0
0.9
0.584979780027
0.975
0.583429578677
0.456392078455
0.971214397261
0.931686479387
0.981763692869
1.0
1.0
1.0
1.0
1.0
0.975
1.0
0.998381411085
1.0
-0.5
0.991162537588
0.980676539801
1.0
1.0
0.955432444849
1.0
0.971214397261
1.0
1.0
1.0
0.333197613122
1.0
0.9
1.0
1.0
1.0
1.0
0.990874907766
1.0
1.0
1.0
1.0
1.0
-0.5
0.955820958702
-0.5
1.0
0.92829179708
1.0
0.566788154665
0.9
1.0
1.0
0.990874907766
1.0
1.0
0.929606844592
1.0
1.0
1.0
0.957586914595
0.579087077333
0.953823397461
1.0
1.0
1.0
0.969874779017
0.990874907766
1.0
0.164329574485
1.0
1.0
1.0
1.0
1.0
1.0
1.0
0.499130418161
0.952166648212
0.971376815611
0.569537299511
0.317606255782
1.0
0.438294876882
1.0
1.0
0.576914228918
1.0
1.0
1.0
0.99012635158
0.9
1.0
1.0
0.947839896729
0.976823635749
1.0
1.0
0.990874907766
1.0
1.0
1.0
1.0
0.969424883862
0.21034726444
1.0
1.0
1.0
1.0
0.990874907766
1.0
-0.5
0.947024478389
0.932752622503
1.0
1.0
0.924446765692
1.0
0.951590080998
0.556125270509
1.0
0.605986868871
1.0
1.0
1.0
1.0
1.0
0.953410797946
1.0
1.0
0.96721183711
1.0
0.435573057729
0.9
0.990876032836
1.0
1.0
0.469742607783
1.0
1.0
0.961353079601
0.263133511029
1.0
0.479032719456
1.0
1.0
0.994255400067
1.0
1.0
0.563338897889
0.945164347967
1.0
1.0
0.971214397261
0.968156180824
0.988273169774
1.0
0.991162537588
0.982972405437
0.990515892054
1.0
1.0
1.0
0.990515892054
1.0
1.0
0.975
1.0
1.0
1.0
1.0
1.0
1.0
1.0
0.973848446544
1.0
1.0
0.9
0.961219492003
1.0
1.0
0.975
0.945164347967
1.0
0.263133511029
0.982690671981
0.975
0.960309616538
1.0
1.0
1.0
1.0
1.0
