1.0
0.165059966121
0.766666666667
1.0
0.825
1.0
1.0
-0.5
0.293411477764
0.883333333333
0.65
1.0
1.0
1.0
1.0
0.0673765110442
0.742105263158
1.0
1.0
0.251383080987
1.0
0.210651889878
0.766666666667
0.0
0.766666666667
0.169204455023
-0.5
1.0
0.200602407963
1.0
0.766666666667
0.742105263158
1.0
0.145191019243
-0.5
0.766666666667
1.0
1.0
1.0
0.883333333333
1.0
1.0
0.399509803922
1.0
1.0
-0.5
0.742105263158
0.0640569893808
0.158152112494
1.0
1.0
1.0
0.182658716242
1.0
-0.5
0.729545454545
1.0
1.0
1.0
0.209011339836
0.829296645228
0.825
0.608244013649
0.152130692818
1.0
0.742105263158
0.766666666667
1.0
0.3
1.0
1.0
1.0
0.742105263158
0.0
1.0
1.0
-0.5
0.742105263158
0.156160380196
1.0
1.0
0.742105263158
-0.5
1.0
1.0
1.0
0.0
0.111065871041
1.0
0.142794120684
1.0
1.0
1.0
1.0
0.766666666667
1.0
1.0
1.0
1.0
1.0
-0.5
-0.5
-0.5
1.0
-0.5
1.0
0.586138750491
0.182658716242
1.0
1.0
-0.5
0.113170598803
0.742105263158
0.393333333333
1.0
1.0
1.0
0.681818181818
0.193029025778
0.214688612468
1.0
1.0
0.0719410376379
0.871052631579
0.427272727273
-0.5
0.0547765248284
-0.5
0.95
0.970833333333
1.0
0.766666666667
1.0
1.0
0.166376806054
0.773529411765
0.786956521739
0.189845766504
-0.5
0.766666666667
-0.5
1.0
1.0
0.192304742973
1.0
1.0
1.0
0.7
0.860080458608
1.0
1.0
0.0
0.825
1.0
0.825
0.167587887267
1.0
-0.5
0.031268336581
1.0
0.840909090909
-0.5
1.0
1.0
0.144219095025
1.0
0.766666666667
0.825
0.825
0.7
0.742105263158
0.0661518619422
0.0
0.355263157895
1.0
0.0
0.663507171544
1.0
0.273766097366
0.766666666667
1.0
-0.5
1.0
1.0
1.0
1.0
1.0
-0.5
1.0
0.145191019243
0.184622152051
0.871052631579
0.3
1.0
-0.5
1.0
1.0
-0.5
-0.5
1.0
0.159677573152
1.0
0.742105263158
1.0
1.0
1.0
1.0
0.180728090502
1.0
0.825
1.0
1.0
0.00376052265744
1.0
0.0
1.0
0.786956521739
1.0
1.0
1.0
0.742105263158
1.0
1.0
0.825
1.0
1.0
0.825
1.0
1.0
1.0
1.0
0.633846153846
1.0
1.0
0.475
0.727777777778
1.0
1.0
0.766666666667
0.93
1.0
0.0877111703431
1.0
0.95
0.377777777778
0.95
1.0
1.0
0.825
1.0
