1.0
0.440159909656
0.933333333333
1.0
0.95
1.0
1.0
-0.5
0.500471209443
0.966666666667
0.9
1.0
1.0
1.0
1.0
0.179670696118
0.926315789474
1.0
1.0
0.40994553321
1.0
0.561738373009
0.933333333333
0.0
0.933333333333
0.451211880061
-0.5
1.0
0.534939754567
1.0
0.933333333333
0.926315789474
1.0
0.387176051315
-0.5
0.933333333333
1.0
1.0
1.0
0.966666666667
1.0
1.0
0.828431372549
1.0
1.0
-0.5
0.926315789474
0.170818638349
0.42173896665
1.0
1.0
1.0
0.487089909978
1.0
-0.5
0.922727272727
1.0
1.0
1.0
0.557363572895
0.632510352187
0.95
0.56935245745
0.405681847515
1.0
0.926315789474
0.933333333333
1.0
0.8
1.0
1.0
1.0
0.926315789474
0.0
1.0
1.0
-0.5
0.926315789474
0.416427680524
1.0
1.0
0.926315789474
-0.5
1.0
1.0
1.0
0.0
0.296175656109
1.0
0.380784321825
1.0
1.0
1.0
1.0
0.933333333333
1.0
1.0
1.0
1.0
1.0
-0.5
-0.5
-0.5
1.0
-0.5
1.0
0.563036667977
0.487089909978
1.0
1.0
-0.5
0.301788263474
0.926315789474
0.826666666667
1.0
1.0
1.0
0.909090909091
0.51474406874
0.57250296658
1.0
1.0
0.191842767034
0.963157894737
0.836363636364
-0.5
0.146070732876
-0.5
0.985714285714
0.991666666667
1.0
0.933333333333
1.0
1.0
0.44367148281
0.935294117647
0.939130434783
0.506255377343
-0.5
0.933333333333
-0.5
1.0
1.0
0.512812647927
1.0
1.0
1.0
0.914285714286
0.626881222955
1.0
1.0
0.0
0.95
1.0
0.95
0.446901032712
1.0
-0.5
0.0833822308828
1.0
0.954545454545
-0.5
1.0
1.0
0.384584253401
1.0
0.933333333333
0.95
0.95
0.914285714286
0.926315789474
0.176404965179
0.0
0.815789473684
1.0
0.0
0.585141931134
1.0
0.359672555938
0.933333333333
1.0
-0.5
1.0
1.0
1.0
1.0
1.0
-0.5
1.0
0.387176051315
0.492325738802
0.963157894737
0.8
1.0
-0.5
1.0
1.0
-0.5
-0.5
1.0
0.425806861738
1.0
0.926315789474
1.0
1.0
1.0
1.0
0.481941574672
1.0
0.95
1.0
1.0
0.0100280604198
1.0
0.0
1.0
0.939130434783
1.0
1.0
1.0
0.926315789474
1.0
1.0
0.95
1.0
1.0
0.95
1.0
1.0
1.0
1.0
0.895384615385
1.0
1.0
0.85
0.922222222222
1.0
1.0
0.933333333333
0.98
1.0
0.233896454248
1.0
0.985714285714
0.822222222222
0.985714285714
1.0
1.0
0.95
1.0
