0.748929934051
0.0476279310709
0.263477477049
0.56318993229
0.255440050016
0.669337054148
0.579169412343
-0.5
0.0836970781902
0.637089191051
0.211813238265
0.520245931156
0.428846153846
0.672727272727
0.55
0.017817010242
0.352566219259
1.0
0.469504661891
0.114732127051
0.431796136344
0.0452057501687
0.475477851429
0.0
0.574993495675
0.0504011659961
-0.5
0.862552653172
0.0485587982042
0.85
0.534610733951
0.668421052632
0.444639596809
0.0368424120066
-0.5
0.319744614913
1.0
0.280326840662
0.760874477442
0.331844324095
0.751939039116
0.722566657433
0.156972755157
0.878159703617
0.772565410417
-0.5
0.503188198269
0.0155848090164
0.0386149276345
0.335945527203
0.872319957896
0.574162855918
0.0457722726782
0.276741084633
-0.5
0.26659507572
0.8
0.823278581426
0.570682693265
0.0474232710711
0.361217152678
0.289228747941
0.476793668953
0.0426095117818
0.83965544598
0.655738237411
0.371371128854
0.308520688261
0.0630655964675
0.511926134387
1.0
0.435073002349
0.203814685391
0.0
0.633926664621
0.839156769309
-0.5
0.651001395306
0.0433520718969
0.771538461538
0.604285714286
0.359810825703
-0.5
1.0
0.880675141402
0.392520907352
0.0
0.034006809925
0.798790092945
0.0407519433355
0.626338100992
0.842315213726
0.745269892371
0.839817251283
0.427885209456
1.0
0.610905316715
0.67656616386
0.557503713803
0.517937732733
-0.5
-0.5
-0.5
0.85
-0.5
0.841749861333
0.381516780159
0.0418215624494
0.756697145021
0.666837330788
-0.5
0.0377235329343
0.511011654929
0.0909256338652
0.687077600339
0.556148393406
1.0
0.465625
0.0497522409361
0.0564928939249
0.631448733939
0.398555365527
0.0212378664046
0.499908619579
0.184423189231
-0.5
0.0160843489958
-0.5
0.708276178053
0.442686541467
0.548244778659
0.358276085529
1.0
0.645477385627
0.0412018167863
0.272333852299
0.20275723811
0.0591175248035
-0.5
0.474420824361
-0.5
0.938636363636
1.0
0.0513995847196
0.530952776459
0.504475933241
0.380193284496
0.46924412427
0.492010860575
0.360618466432
0.730677915861
0.0
0.775
0.634488308831
0.520751278034
0.0426013408718
0.628201174423
-0.5
0.0104227788603
0.432484990574
0.355616436607
-0.5
0.6
0.85
0.0426298071247
0.713989043178
0.499337309355
0.451403800101
0.35429290421
0.59005358781
0.342002194939
0.0220506206474
0.0
0.0919946406911
0.381364082882
0.0
0.293697524224
0.414457954599
0.15367871579
0.477838294346
0.753586964424
-0.5
0.679822152401
1.0
0.566311704873
0.8
0.368754108022
-0.5
0.464755480844
0.0358522859517
0.0545287397778
0.751315789474
0.0768407055144
0.499168574039
-0.5
0.512580840568
0.482860562158
-0.5
-0.5
0.870851252399
0.0462276204298
0.881352383865
0.22897737186
0.795454545455
0.966911764706
0.967857142857
0.515334345048
0.0411897512219
0.803125
0.7375
0.675499549557
0.399371294915
0.00125350755248
0.677085407709
0.0
0.925
0.529627619774
0.565316140763
0.53677652787
0.74310355247
0.460942653726
0.59726261047
0.270430594826
0.230220935606
0.763884950538
0.815182176347
0.589321771088
0.563067701215
0.543518973289
0.758238546304
1.0
0.33001950133
0.576378796884
0.718072733751
0.195645391928
0.189504739866
0.535332890657
0.52297876555
0.528199749736
0.327918878894
0.696248634964
0.0246269589086
0.457253300009
0.70837630078
0.0875306493329
0.935714285714
0.838619048891
0.76122402633
0.315976508095
0.575423818141
