0.788456468819
0.369256425087
0.423765764479
0.263872785596
0.223783791794
0.690694483456
0.591674903695
0.137417910756
0.221580043483
0.748767573152
0.220346293472
0.387278465756
0.853278258268
0.734368230948
0.549250390415
0.412255570374
0.592435651307
1.0
0.533513985674
0.192496764059
0.52873317957
0.135617250506
0.650516457193
0.893691313227
0.801195981719
0.276102396849
0.788456468819
0.87337224523
0.465503359708
0.96806217718
0.730925467622
0.933611244377
0.451367770019
0.11052723602
0.103952806467
0.506973250634
0.84217282716
0.340980521987
0.771409576018
0.346198028345
0.390409131219
0.7801999723
0.4726652408
0.884479110852
0.890787110074
0.769471391302
0.728151741201
0.0467544270491
0.148515172124
0.388788962563
0.672269012745
0.835198420227
0.426349089533
0.170997556885
0.629209816317
0.364249935367
1.0
0.85404259422
0.638040961077
0.182826492139
0.33968387587
0.367686243822
0.597753606256
0.127828535345
0.684383655298
0.48467045449
0.500286311603
0.425562064784
0.433093319766
0.61090389134
0.883333333333
0.471885673713
0.30027431585
0.774287027808
0.571663399524
0.850803641259
-0.5
0.886430074028
0.426314801319
0.804490705453
0.718226749324
0.420814455133
0.77711276614
0.624593261126
0.892025424205
0.349218771893
0.792812865174
0.0975075073402
0.748512236775
0.341909212138
0.694254695021
0.803116093343
0.777476343778
0.852785087183
0.450936082183
0.76639949516
0.591804699986
0.696365158247
0.563517708101
0.553813198199
-0.5
0.551446782935
-0.5
0.96806217718
0.297063216752
0.837749583998
0.43117741694
0.207319378767
0.770091435063
0.682764147965
0.808143430786
0.57688544488
0.661467232594
0.258512023029
0.66956613435
0.686138576925
1.0
0.551942751354
0.144071122085
0.585532689346
0.779514153209
0.422400284075
0.560044962638
0.452884399571
0.54820567166
0.43277698205
0.041591556312
0.909169950553
0.769471391302
0.647247541684
0.585768400648
0.506941212427
0.842670593018
0.77393215688
0.122594200347
0.256429455229
0.29900513008
0.17735257441
0.0956472617033
0.68992913975
0.11299680608
0.984148868494
0.706549225139
0.169475644852
0.695471379813
0.609261133057
0.380392631202
0.688334052476
0.377692320398
0.41518873263
0.776408747582
0.380677041896
0.729609083734
0.896107866893
0.826917842216
0.530685808725
0.703629440803
0.437856679398
0.497373874279
0.452333078867
0.478914690482
0.0458329640315
1.0
1.0
0.440174347929
0.850300462868
0.596397075714
0.530185906686
-0.5
0.5564749693
0.28800918463
0.533075930971
0.849943096018
0.248204434573
0.444092248645
0.468993014056
0.38694782096
0.439793178906
0.28297635032
0.700181549705
0.554519550933
0.683471460455
0.70613312387
1.0
0.433911352056
0.97870811812
0.406262324067
0.770482859772
0.522536856679
0.107556857855
0.239200469325
0.90419834478
0.550051357196
0.644846472622
0.109751308123
0.874776739207
0.627085391571
0.333746739627
0.0789302183778
0.893633238583
0.138682861289
0.832043750978
0.413496542768
0.629893900234
0.659894484254
0.979478047104
0.315836344197
0.264145496737
0.825
0.9125
0.558832502558
0.531566972273
0.420655926029
0.330189318832
0.83037077131
0.82593613324
0.611136217
0.601166310027
0.702335602063
0.770977324077
0.579055237704
0.464257476466
0.590545824466
0.392919394561
0.731192651922
0.835596924438
1.0
0.605869770313
0.5638902532
0.78475696728
1.0
0.65737789861
0.611467484964
0.753801072747
0.249436175783
0.263148330603
0.48795182389
0.56893629665
0.628349249209
0.279140115271
0.713745904892
0.0738808767258
0.596079128283
0.638521759482
0.275157299031
1.0
0.849190480008
0.783672078989
0.372675989946
0.692938121088
