0.808219736203
0.418292826716
0.453909908195
0.317646410609
0.275479035845
0.713633168437
0.597927649371
0.183223881007
0.260902300175
0.748356764203
0.281600421789
0.426494347683
0.874238507087
0.772315626527
0.613643191784
0.467213529377
0.629690252635
1.0
0.565518647565
0.208364550695
0.557100109667
0.180823000675
0.665411036778
0.90887826848
0.816429369129
0.311037197669
0.808219736203
0.878782041258
0.491822923043
0.972624723297
0.747380020749
0.943095352323
0.494680836216
0.147369648026
0.138603741956
0.537755093276
0.847135498672
0.37130736265
0.774145773193
0.387436794549
0.451980292489
0.790266629733
0.52301529601
0.887638814469
0.883430446892
0.77596185507
0.75086508397
0.0623392360654
0.198020229499
0.415210680243
0.694969794771
0.851364264253
0.465918630344
0.227996742513
0.670931109963
0.397203948876
1.0
0.848624958987
0.665724671302
0.243768656185
0.351921051181
0.406914991763
0.584471490333
0.170438047127
0.714693770226
0.550321029473
0.530775594023
0.484082753045
0.467154044823
0.629015106363
0.9
0.490292009395
0.351020374457
0.782382703744
0.608364603753
0.856627077234
-0.5
0.886115103539
0.46189752054
0.832420604674
0.758480070849
0.468698532096
0.793094799298
0.654755021682
0.897700565607
0.396180584746
0.807083820232
0.130010009787
0.7655677643
0.369072485486
0.715902418586
0.824602609981
0.793579569482
0.859269005132
0.483206641215
0.777421549102
0.618636765998
0.706264655441
0.576324055233
0.571750930932
-0.5
0.599586435958
-0.5
0.972624723297
0.339500694843
0.835749445331
0.432461757605
0.276425838356
0.776788580084
0.705701139958
0.825094275032
0.601968996807
0.696630851958
0.315558074057
0.698310401356
0.692074883831
1.0
0.615950929732
0.192094829447
0.631200815069
0.794907759834
0.4465337121
0.580059950184
0.482041047151
0.580445800911
0.452035976067
0.0554554084159
0.922145671903
0.77596185507
0.673481217417
0.600072153245
0.550479356897
0.845783012913
0.781909542507
0.163458933796
0.30712817483
0.351088963033
0.236470099214
0.127529682271
0.697683297444
0.150662408107
0.986413315852
0.723315633518
0.217911922647
0.71896183975
0.617903732966
0.418301286047
0.709328957202
0.416089760531
0.442473865728
0.785211663443
0.454413948385
0.768236357486
0.903143822524
0.827694479196
0.554545209319
0.721727577846
0.458808905865
0.513165165706
0.497251767873
0.516505989149
0.0611106187086
1.0
1.0
0.475788019461
0.855956172712
0.599536506833
0.568025653359
-0.5
0.585218364435
0.329424542002
0.544101241295
0.855479683579
0.303776173106
0.475456331526
0.510679394302
0.395703304956
0.457560172959
0.308019992644
0.711353177385
0.572692734578
0.689073058385
0.719288609604
1.0
0.49110557246
0.981749815531
0.425016432089
0.803271022661
0.549325135501
0.143409143807
0.300623726871
0.917884295526
0.594512920705
0.676537796589
0.146335077498
0.885118985609
0.641669410983
0.368304303334
0.10524029117
0.908828490214
0.184910481719
0.847255192074
0.462707823543
0.682766200201
0.700378317997
0.982409754661
0.330944783353
0.316349275041
0.85
0.925
0.586855787275
0.577727438347
0.438272943353
0.356919091776
0.833355700883
0.85080239992
0.640526923631
0.62645132397
0.719665892002
0.78491420988
0.602845274063
0.480121079733
0.615882770174
0.430142526081
0.761750773844
0.852710676953
1.0
0.627270804861
0.574075893155
0.803287067484
1.0
0.697011112796
0.620845535507
0.762436643037
0.332581567711
0.299848197469
0.530559412036
0.5919150622
0.650298998945
0.322004211509
0.722494539856
0.0985078356344
0.628429681398
0.663862345977
0.319011623677
1.0
0.854476195566
0.794896105319
0.419766377507
0.701695272562
