1.0
0.385139920949
0.9
1.0
0.925
1.0
1.0
-0.5
0.442202539025
0.95
0.85
1.0
1.0
1.0
1.0
0.157211859103
0.889473684211
1.0
1.0
0.358702341559
1.0
0.491521076383
0.9
0.0
0.9
0.394810395053
-0.5
1.0
0.468072285246
1.0
0.9
0.889473684211
1.0
0.3387790449
-0.5
0.9
1.0
1.0
1.0
0.95
1.0
1.0
0.742647058824
1.0
1.0
-0.5
0.889473684211
0.149466308555
0.369021595819
1.0
1.0
1.0
0.426203671231
1.0
-0.5
0.884090909091
1.0
1.0
1.0
0.487693126283
0.671867610795
0.925
0.57713076869
0.354971616576
1.0
0.889473684211
0.9
1.0
0.7
1.0
1.0
1.0
0.889473684211
0.0
1.0
1.0
-0.5
0.889473684211
0.364374220458
1.0
1.0
0.889473684211
-0.5
1.0
1.0
1.0
0.0
0.259153699095
1.0
0.333186281597
1.0
1.0
1.0
1.0
0.9
1.0
1.0
1.0
1.0
1.0
-0.5
-0.5
-0.5
1.0
-0.5
1.0
0.567657084479
0.426203671231
1.0
1.0
-0.5
0.26406473054
0.889473684211
0.74
1.0
1.0
1.0
0.863636363636
0.450401060148
0.500940095758
1.0
1.0
0.167862421155
0.944736842105
0.754545454545
-0.5
0.127811891266
-0.5
0.978571428571
0.9875
1.0
0.9
1.0
1.0
0.388212547459
0.902941176471
0.908695652174
0.442973455175
-0.5
0.9
-0.5
1.0
1.0
0.448711066936
1.0
1.0
1.0
0.871428571429
0.673521070086
1.0
1.0
0.0
0.925
1.0
0.925
0.391038403623
1.0
-0.5
0.0729594520224
1.0
0.931818181818
-0.5
1.0
1.0
0.336511221726
1.0
0.9
0.925
0.925
0.871428571429
0.889473684211
0.154354344532
0.0
0.723684210526
1.0
0.0
0.600814979216
1.0
0.342491264224
0.9
1.0
-0.5
1.0
1.0
1.0
1.0
1.0
-0.5
1.0
0.3387790449
0.430785021452
0.944736842105
0.7
1.0
-0.5
1.0
1.0
-0.5
-0.5
1.0
0.372581004021
1.0
0.889473684211
1.0
1.0
1.0
1.0
0.421698877838
1.0
0.925
1.0
1.0
0.00877455286737
1.0
0.0
1.0
0.908695652174
1.0
1.0
1.0
0.889473684211
1.0
1.0
0.925
1.0
1.0
0.925
1.0
1.0
1.0
1.0
0.843076923077
1.0
1.0
0.775
0.883333333333
1.0
1.0
0.9
0.97
1.0
0.204659397467
1.0
0.978571428571
0.733333333333
0.978571428571
1.0
1.0
0.925
1.0
