1.0
0.883136453018
1.0
0.47228720974
0.464875343133
1.0
1.0
0.159084822088
0.43812359318
1.0
0.396032759871
1.0
1.0
1.0
0.798500780829
0.93612435436
0.933611244377
1.0
1.0
0.346850768735
1.0
0.210651889878
0.93612435436
1.0
0.93612435436
0.438383101167
1.0
1.0
1.0
1.0
0.93612435436
0.933611244377
1.0
0.145191019243
0.104484387733
1.0
1.0
1.0
1.0
0.667442695839
0.587973906371
1.0
1.0
1.0
1.0
1.0
0.933611244377
0.0640569893808
0.3
1.0
1.0
1.0
0.87571309641
0.3
0.93612435436
0.795390737037
1.0
1.0
1.0
0.3
0.772083450367
0.825
0.761232040915
0.152130692818
0.798500780829
0.521805355711
0.872345850081
1.0
1.0
1.0
1.0
1.0
0.825
1.0
0.988669877597
1.0
-0.5
0.938137763119
0.864735778605
1.0
1.0
0.688027113942
1.0
0.798500780829
1.0
1.0
1.0
0.111065871041
1.0
0.80427651361
1.0
1.0
1.0
1.0
0.93612435436
1.0
1.0
1.0
1.0
1.0
-0.5
0.690746710913
-0.5
1.0
0.49804257956
1.0
0.644742072831
0.3
1.0
1.0
0.93612435436
1.0
1.0
0.507247912147
1.0
1.0
1.0
0.703108402166
0.193029025778
0.676763782228
1.0
1.0
1.0
0.789123453116
0.93612435436
1.0
0.0547765248284
1.0
1.0
1.0
1.0
1.0
1.0
1.0
0.166376806054
0.665166537487
0.799637709277
0.189845766504
0.105868751927
1.0
0.146098292294
1.0
1.0
0.234423631144
1.0
1.0
1.0
0.930884461058
0.685080458608
1.0
1.0
0.634879277101
0.83776545024
1.0
1.0
0.93612435436
1.0
1.0
1.0
1.0
0.785974187033
0.0701157548133
1.0
1.0
1.0
1.0
0.93612435436
1.0
-0.5
0.629171348726
0.529268357521
1.0
1.0
0.471127359844
1.0
0.661130566986
0.570101883742
1.0
0.500555314241
1.0
1.0
1.0
1.0
1.0
0.673875585622
1.0
1.0
0.770482859772
1.0
0.145191019243
0.315367709305
0.936132229853
1.0
1.0
0.156580869261
1.0
1.0
0.72947155721
0.0877111703431
1.0
0.159677573152
1.0
1.0
0.959787800469
1.0
1.0
0.620597275398
0.616150435767
1.0
1.0
0.798500780829
0.77709326577
0.917912188417
1.0
0.938137763119
0.880806838062
0.933611244377
1.0
1.0
1.0
0.933611244377
1.0
1.0
0.825
1.0
1.0
1.0
1.0
1.0
1.0
1.0
0.81693912581
1.0
1.0
0.3
0.72853644402
1.0
1.0
0.825
0.616150435767
1.0
0.0877111703431
0.878834703869
0.825
0.722167315769
1.0
1.0
1.0
1.0
1.0
