0.88727280574
0.614438433236
0.574486483056
0.532740910658
0.482260012052
0.805387908361
0.622938632076
0.366447762015
0.418191326945
0.746713528407
0.526616935056
0.583357875388
0.958079502362
0.924105208842
0.871214397261
0.687045365393
0.778708657949
1.0
0.69353729513
0.288184953727
0.670567830055
0.361646001349
0.724989355118
0.969626089493
0.87736291877
0.45077640095
0.88727280574
0.900421225374
0.597101176379
0.990874907766
0.813198233254
0.981031784108
0.667933101003
0.294739296052
0.277207483913
0.660882463842
0.86803687995
0.4926147253
0.785090561893
0.552391859366
0.698264937571
0.830533259466
0.724415516854
0.900277628938
0.854003794165
0.80192371014
0.841718455047
0.124678472131
0.396040458997
0.520897550961
0.785772922876
0.916027640358
0.624196793586
0.455993485027
0.837816284547
0.52902000291
1.0
0.826954418056
0.776459512202
0.48753731237
0.400869752425
0.563829983527
0.531343026641
0.340876094254
0.835934229942
0.812923329405
0.652732723703
0.718165506091
0.603396945051
0.701459966454
0.966666666667
0.563917352123
0.554004608886
0.814765407488
0.774114580333
0.879920821135
-0.5
0.924854687427
0.604228397425
0.944140201558
0.91949335695
0.660234839947
0.857022931929
0.775402063904
0.920401131213
0.584027836158
0.864167640464
0.260020019574
0.835526512784
0.508022966257
0.802493312847
0.910548676533
0.857992472297
0.885204676931
0.612288877344
0.821509764871
0.725965030049
0.745862644215
0.627549443762
0.643501861865
-0.5
0.792145048048
-0.5
0.990874907766
0.509250607206
0.827748890662
0.437599120265
0.552851676713
0.803577160167
0.797449107931
0.892897652016
0.702303204513
0.837285329417
0.543742278168
0.813287469378
0.717608431384
1.0
0.871983643244
0.384189658894
0.813873317962
0.856482186336
0.543067424199
0.660119900369
0.598667637471
0.709406317913
0.529071952133
0.110910816832
0.974048557301
0.80192371014
0.778415920349
0.657287163633
0.724631934776
0.858232692492
0.813819085014
0.326917867593
0.509923053235
0.559424294844
0.472940198428
0.255059364542
0.728699928222
0.301324816213
0.995471105284
0.790381267037
0.411657033824
0.8129236795
0.652474132598
0.569935905428
0.793308576106
0.569679521062
0.551614398123
0.820423326886
0.749361574341
0.922745452495
0.931287645048
0.830801027119
0.649982811696
0.794120126016
0.542617811729
0.576330331412
0.716338764763
0.666871183816
0.122221237417
1.0
1.0
0.618242705589
0.878579012091
0.612094231309
0.719384640051
-0.5
0.700191944975
0.495085971489
0.58820248259
0.877626033825
0.526063127238
0.600912663053
0.677424915283
0.430725240937
0.528628149171
0.408194561939
0.756039688102
0.645385469156
0.711479450103
0.771910552542
1.0
0.719882454074
0.993916605177
0.500032864179
0.93442367422
0.656478250792
0.286818287613
0.565631721317
0.972628098509
0.772359174744
0.803303092458
0.292670154995
0.926487971218
0.700005488633
0.506534558162
0.210480582341
0.969609496738
0.369820963438
0.908100956459
0.659552946642
0.894255400067
0.862313652969
0.994136584887
0.391378539976
0.525164388257
0.95
0.975
0.698948926141
0.76352198111
0.508741012648
0.463838183552
0.845295419177
0.95026746664
0.758089750153
0.72759137974
0.78898705176
0.840661753094
0.742016854388
0.543575492799
0.717230553005
0.579035052163
0.883983261536
0.921165687013
1.0
0.712874943056
0.614818452977
0.877407468301
1.0
0.85554396954
0.658357737681
0.796978924198
0.665163135422
0.44664766493
0.700989764622
0.6838301244
0.738097997891
0.493460596462
0.757489079712
0.197015671269
0.757831893857
0.765224691953
0.494428922263
1.0
0.875619057798
0.839792210638
0.608127927751
0.736723878458
