0.930231562812
0.659151627719
0.638433419397
0.605403931815
0.449893804548
0.874928576471
0.699664480327
0.490841695169
0.538172785827
0.847535146305
0.46630132291
0.586548438299
0.916159004725
0.966070139228
0.828837919741
0.590530501068
0.75062651222
1.0
0.728940269368
0.370293897716
0.697907838525
0.592334715599
0.768779735625
0.939252178987
0.902196909717
0.545442808372
0.884235819352
0.946149382099
0.6626559939
0.981749815531
0.857337342842
0.962063568216
0.63513615181
0.221054472039
0.207905612935
0.714910850154
0.915348863118
0.653008110376
0.84628483421
0.616716987026
0.57512261503
0.902808601475
0.737457820725
0.909513442425
0.879456735206
0.855147659935
0.842114320843
0.270796997769
0.304168920255
0.607184143196
0.801635568289
0.908695952306
0.681515260462
0.51085372253
0.845937199059
0.676983040767
1.0
0.87780765743
0.839681939859
0.486137568957
0.532170752161
0.621742857461
0.601475438654
0.445324275517
0.797433828744
0.681622179439
0.735370581873
0.651557511025
0.575551549603
0.717087830943
0.958783735497
0.760438014093
0.545155209167
0.898574055616
0.789559294338
0.918273949185
-0.5
0.905484895483
0.666450361005
0.888280403116
0.90289959749
0.659711936088
0.90784677892
0.715078542793
0.940981035783
0.519066430352
0.910625730348
0.511705625026
0.832938193058
0.551277634889
0.837773118633
0.907575643257
0.89252376386
0.927523756633
0.665148658322
0.799465656987
0.726270811336
0.793567638008
0.68689317829
0.800620851585
-0.5
0.729590897689
-0.5
0.981749815531
0.474776471741
0.891576871205
0.504166609441
0.44670174258
0.834075340809
0.803762545646
0.910367721852
0.763562120612
0.768727330233
0.529337295997
0.88200958571
0.790648470062
1.0
0.761862190386
0.528845216693
0.789203733182
0.913490698667
0.616406695791
0.76408324224
0.613414137056
0.743563831471
0.599552317842
0.353267902334
0.948097114602
0.863942782605
0.850142366952
0.778151874066
0.725674028447
0.918674519369
0.87776681395
0.492926699218
0.547407632283
0.619165689951
0.561115120158
0.409271268882
0.8298582795
0.446107612613
0.990942210568
0.816426353104
0.442873519769
0.804842936859
0.789209832504
0.609877392566
0.837170827169
0.651509066216
0.695220996596
0.873475682826
0.611927643896
0.845490904991
0.938144963683
0.865001686878
0.686435070419
0.829271012681
0.6930081257
0.706753620737
0.693997439387
0.66845497002
0.240875831219
1.0
1.0
0.686791214443
0.923421247035
0.752637177736
0.674998146733
-0.5
0.642705154705
0.523266244245
0.766151861942
0.933219525369
0.490057325641
0.634850108311
0.659260279362
0.48585189263
0.665848288471
0.514422169335
0.841031805522
0.698315282876
0.798544759186
0.869307352516
1.0
0.663250329841
0.987833210354
0.6292074803
0.899587493365
0.707095046134
0.21511371571
0.446442354332
0.945256197017
0.891654917138
0.761613935906
0.367333102133
0.926695638528
0.796885422503
0.560200555964
0.373122814989
0.948915463791
0.521526572694
0.920619044693
0.620359391016
0.788510800134
0.801517300899
0.988273169774
0.517789304164
0.530867316095
0.916265272772
0.964673710954
0.70749201979
0.722770257377
0.596157753009
0.589360112591
0.84556721731
0.90053493328
0.74263628151
0.758465796345
0.853185835352
0.878715134247
0.774239014117
0.697922622262
0.731401178877
0.648083013175
0.874015767152
0.910325899914
1.0
0.783164897859
0.774775740428
0.852829307705
1.0
0.817639810147
0.714993882588
0.861595938478
0.498872351567
0.501808756332
0.743644047297
0.826254020316
0.765665298761
0.485153353464
0.771881534791
0.448938267022
0.784985604083
0.83803142776
0.619375343839
1.0
0.921247085956
0.917344157978
0.651070007649
0.814392844162
