0.768693201435
0.0952558621418
0.304732731875
0.593972457173
0.292130100031
0.689551301279
0.585422158019
-0.5
0.126485065471
0.649178382102
0.24862647653
0.540491862312
0.492307692308
0.709090909091
0.6
0.035634020484
0.408194179409
1.0
0.501509323782
0.135714254102
0.470410454505
0.0904115003374
0.506511258413
0.0
0.611975295443
0.100802331992
-0.5
0.867962449201
0.0971175964083
0.866666666667
0.569221467901
0.705263157895
0.479075111985
0.0736848240131
-0.5
0.364489229825
1.0
0.310653681325
0.764173197309
0.369162504399
0.753878078232
0.736799981533
0.227120604914
0.881319407235
0.779979305682
-0.5
0.545850080749
0.0311696180327
0.0772298552691
0.362367244883
0.869639915793
0.61574024175
0.0915445453563
0.303482169265
-0.5
0.303076515076
0.822222222222
0.822483088777
0.599698719864
0.0948465421422
0.367171147461
0.328457495882
0.47990312738
0.0852190235636
0.845977558627
0.687792264295
0.409408924375
0.367041376523
0.126131192935
0.53701016351
1.0
0.453479338031
0.23920831815
0.0
0.655070470218
0.844980205284
-0.5
0.68358173798
0.0867041437939
0.796923076923
0.648253968254
0.403832177722
-0.5
1.0
0.886350282803
0.429486259149
0.0
0.06801361985
0.806469074778
0.081503886671
0.648130747439
0.853380427452
0.761373118074
0.846301169233
0.466881530023
1.0
0.62181063343
0.686465661054
0.568132427605
0.535875465466
-0.5
-0.5
-0.5
0.866666666667
-0.5
0.839749722665
0.388033560319
0.0836431248989
0.763394290042
0.693223272687
-0.5
0.0754470658686
0.548339099331
0.15566079154
0.707488534011
0.575208874724
1.0
0.525
0.0995044818721
0.11298578785
0.650397467878
0.422110731055
0.0424757328092
0.517361098807
0.257482742098
-0.5
0.0321686979917
-0.5
0.720123784678
0.485819511506
0.560775271604
0.408657434217
1.0
0.665954771253
0.0824036335726
0.319177508521
0.24899273709
0.118235049607
-0.5
0.504397204278
-0.5
0.945454545455
1.0
0.102799169439
0.561905552917
0.522840755372
0.410386568992
0.509916819969
0.48402172115
0.387903599531
0.742605831721
0.0
0.8
0.643976617661
0.541502556068
0.0852026817435
0.650658421721
-0.5
0.0208455577207
0.472863138411
0.402205095435
-0.5
0.644444444444
0.866666666667
0.0852596142495
0.733533641912
0.512563507598
0.500029822425
0.396085808421
0.608678604192
0.368214916194
0.0441012412948
0.0
0.15109454454
0.412728165763
0.0
0.320947680027
0.442011147293
0.174024098247
0.511232144248
0.757173928847
-0.5
0.692977638135
1.0
0.596084948207
0.822222222222
0.387508216045
-0.5
0.492010961687
0.0717045719033
0.109057479556
0.778947368421
0.153681411029
0.540003814745
-0.5
0.525161681137
0.507387790983
-0.5
-0.5
0.879202504797
0.0924552408596
0.88770476773
0.266476046979
0.818181818182
0.970588235294
0.971428571429
0.531765181323
0.0823795024438
0.825
0.766666666667
0.684332432448
0.423742589829
0.00250701510496
0.687504148752
0.0
0.933333333333
0.561543569067
0.588965614858
0.568651094955
0.757040438273
0.500832675874
0.611191887606
0.309050044142
0.260441871212
0.784019901076
0.830761178091
0.616143542176
0.584468735764
0.553704613244
0.772429473561
1.0
0.397218489839
0.597202038213
0.728759103865
0.266290783856
0.226231701954
0.563312840137
0.5459575311
0.556399499473
0.355837757788
0.704997269928
0.0492539178172
0.497839933351
0.720324030131
0.142653891258
0.942857142857
0.84390476445
0.772448052659
0.35070301619
0.595292080726
