0.91840025672
0.503582371126
0.643905127707
0.836586838075
0.548895050382
0.873994678799
0.664937317255
-0.5
0.431554049571
0.763380195073
0.50245462407
0.733290978659
0.873076923077
0.984090909091
0.929166666667
0.171911081936
0.758246697216
1.0
0.734926614015
0.365967481862
0.724707086086
0.496992640005
0.722198879807
0.0
0.854880586807
0.544385798557
-0.5
0.928199176132
0.450877183879
0.966666666667
0.807149029501
0.926315789474
0.712531059407
0.366167867481
-0.5
0.679693761406
1.0
0.571699155124
0.817298849843
0.655916339508
0.815512312929
0.8638665928
0.672220121753
0.909422365781
0.826843629653
-0.5
0.839394475042
0.227357043559
0.37111226515
0.591730884295
0.887066091923
0.879106800335
0.413614078861
0.582116033839
-0.5
0.625942747054
0.955555555556
0.843371508549
0.836486944585
0.474892704516
0.501429937537
0.586515168712
0.522089289706
0.451903663177
0.89700065286
0.880116425602
0.700679175762
0.74183010747
0.568215531445
0.703539979278
1.0
0.68058401879
0.517088581369
0.0
0.84619863497
0.908842389762
-0.5
0.879063794023
0.466975305334
0.952398190045
0.945396825397
0.71567827128
-0.5
1.0
0.927543988356
0.674675159492
0.0
0.349491126573
0.882453377928
0.408917325917
0.808713868705
0.943521709809
0.882595646901
0.911185069088
0.751513048197
1.0
0.723818800592
0.777289036283
0.689763166304
0.734161135447
-0.5
-0.5
-0.5
0.966666666667
-0.5
0.855881756047
0.461181860323
0.436971880401
0.809459513108
0.87325767408
-0.5
0.381788263474
0.781394674837
0.598139062873
0.882518238609
0.750115714533
1.0
0.883035714286
0.51705129126
0.551943151399
0.801516342101
0.611967547743
0.276131001412
0.666447319204
0.709930968392
-0.5
0.319785903078
-0.5
0.837637995854
0.824081617452
0.702505347015
0.7580398364
1.0
0.827602624745
0.472055499131
0.651832583102
0.602730308331
0.509611176723
-0.5
0.724426423948
-0.5
0.986363636364
1.0
0.448701944634
0.749844433891
0.699621074318
0.632200906944
0.78395299416
0.4923368846
0.621377040022
0.854310670827
0.0
0.95
0.733598778337
0.710454668718
0.38396221834
0.820152842154
-0.5
0.150048897549
0.769680057662
0.730230186587
-0.5
0.911111111111
0.966666666667
0.409421529434
0.87097667291
0.657433252089
0.811733046315
0.665770758169
0.720428702482
0.581437359011
0.376404965179
0.0
0.525196891611
0.656314448767
0.0
0.56150492135
0.69594099154
0.306973585968
0.756039688102
0.818468442662
-0.5
0.832095737727
1.0
0.815352236267
0.955555555556
0.567702834058
-0.5
0.710849180222
0.315606166401
0.480674362667
0.944736842105
0.814725644115
0.795320694286
-0.5
0.632844866962
0.692257639993
-0.5
-0.5
0.947717426597
0.436843156931
0.946492147844
0.553736967508
0.954545454545
0.992647058824
0.992857142857
0.666973005994
0.394500400392
0.961904761905
0.952777777778
0.769905487368
0.689455653434
0.0700280604198
0.816683261673
0.0
0.985185185185
0.785430569176
0.777390237212
0.803648497468
0.874193309138
0.782278071915
0.743095345923
0.651879884012
0.474941568866
0.93235153413
0.93740821224
0.803997245626
0.738212242969
0.704690247849
0.863130592655
1.0
0.827090333624
0.753514035203
0.834311033652
0.715163135422
0.499976933131
0.758213213709
0.7744551244
0.745597997891
0.564527501739
0.793231004558
0.239343713597
0.767236926385
0.838438977667
0.527243245346
0.985714285714
0.904322761502
0.889792210638
0.590933409789
0.748340040074
