0.748929934051
0.271183621827
0.363477477049
0.156325535572
0.12039330369
0.644817113493
0.579169412343
0.0458059702518
0.142935530098
0.749589191051
0.0978380368389
0.308846701904
0.811357760631
0.65847343979
0.420464787676
0.302339652366
0.51792644865
1.0
0.469504661891
0.160761190787
0.471999319376
0.0452057501687
0.620727298023
0.86331740272
0.770729206899
0.206232795208
0.748929934051
0.862552653172
0.41286423304
0.958937084946
0.698016361369
0.914643028485
0.364741637625
0.0368424120066
0.0346509354891
0.445409565351
0.832247484134
0.280326840662
0.765937181668
0.263720495936
0.267266808678
0.760066657433
0.371965130378
0.878159703617
0.905500436438
0.756490463767
0.682725055662
0.0155848090164
0.0495050573747
0.335945527203
0.626867448693
0.802866732175
0.347210007912
0.0569991856284
0.545767229024
0.29834190835
1.0
0.864877864685
0.582673540627
0.0609421640463
0.315209525249
0.289228747941
0.624317838102
0.0426095117818
0.62376342544
0.355329929347
0.439307746763
0.308520688261
0.364971869652
0.574681461294
0.85
0.435073002349
0.198782198635
0.758095675936
0.498260991067
0.839156769309
-0.5
0.89116520417
0.355149362876
0.748630907011
0.637720106274
0.325046301207
0.745148699824
0.564269740015
0.880675141402
0.255295146186
0.764270955058
0.0325025024467
0.714401181727
0.28758266544
0.65095924789
0.760143060068
0.745269892371
0.839817251283
0.386394964119
0.744355387276
0.53814056796
0.67656616386
0.537905013836
0.517937732733
-0.5
0.455167476891
-0.5
0.958937084946
0.21218826057
0.841749861333
0.428608735611
0.0691064595891
0.756697145021
0.636890163979
0.774241742294
0.526718341027
0.591139993864
0.144419920974
0.612077600339
0.674265963114
1.0
0.423926394597
0.0480237073617
0.494196437899
0.748726939959
0.374133428025
0.520014987546
0.394571104412
0.483725413159
0.394258994017
0.013863852104
0.883218507854
0.756490463767
0.594780190219
0.569050417483
0.419864923488
0.836445753228
0.757977385627
0.0408647334491
0.155032016026
0.194837464175
0.0591175248035
0.0318824205678
0.674420824361
0.0376656020267
0.979619973778
0.67301640838
0.0777789968765
0.648490459938
0.591975933241
0.304575321512
0.646344243025
0.300897440133
0.360618466432
0.758802915861
0.233203228918
0.65235453623
0.882035955631
0.825364568254
0.482967007536
0.667433166718
0.395952226466
0.465791291426
0.363866873421
0.403732093149
0.0152776546772
1.0
1.0
0.368947004865
0.838989043178
0.590118213476
0.45450641334
-0.5
0.49898817903
0.205178469887
0.511025310324
0.838869920895
0.137060957506
0.381364082882
0.385620253566
0.369436852969
0.404259190801
0.232889065673
0.677838294346
0.518173183644
0.672268264596
0.679822152401
1.0
0.319522911249
0.972624723297
0.368754108022
0.704906533992
0.468960299034
0.0358522859517
0.158859464535
0.876826443289
0.461128230176
0.581463824687
0.0365837693744
0.854092246402
0.597917352746
0.264631612213
0.0263100727926
0.863242735321
0.0462276204298
0.801620868785
0.325122042464
0.524149300301
0.578926816768
0.973614631991
0.285619465886
0.15973794013
0.775
0.8875
0.502785933125
0.439246040126
0.385421891382
0.276729772944
0.824400912163
0.77620359988
0.552354803739
0.550596282142
0.667675022183
0.74310355247
0.531475164987
0.432530269933
0.544981433155
0.31847313152
0.670076408076
0.801369419409
1.0
0.563067701215
0.543518973289
0.747696766871
1.0
0.578111470238
0.592711383877
0.736529932167
0.0831453919278
0.189748596873
0.402736647597
0.52297876555
0.584449749736
0.193411922794
0.696248634964
0.0246269589086
0.531378022053
0.587840586494
0.187448649738
1.0
0.838619048891
0.76122402633
0.278495214824
0.675423818141
