1.0
0.83305207574
1.0
0.598059883457
0.313371126925
1.0
1.0
0.825939540544
0.769032624901
1.0
0.274379313916
1.0
1.0
1.0
0.712143972613
0.908749077657
0.905158920539
1.0
1.0
0.426369050829
1.0
0.887286020839
0.908749077657
1.0
0.908749077657
0.616672779797
1.0
1.0
1.0
1.0
0.908749077657
0.905158920539
1.0
0.0
0.0
1.0
1.0
1.0
1.0
0.830928134592
0.411391294816
1.0
1.0
1.0
1.0
1.0
0.905158920539
0.75
0.303883156681
1.0
1.0
1.0
0.822447280585
1.0
0.908749077657
0.959607382242
1.0
1.0
1.0
0.53349959855
1.0
0.834910572991
0.850133272034
0.678508545156
0.712143972613
0.316864793873
0.817636928687
1.0
1.0
1.0
1.0
1.0
1.0
1.0
1.0
1.0
-0.5
0.955812687942
0.806765398007
1.0
1.0
0.554324448489
1.0
0.712143972613
1.0
1.0
1.0
0.867972465179
1.0
0.911625375884
1.0
1.0
1.0
1.0
0.908749077657
1.0
1.0
1.0
1.0
1.0
-0.5
0.558209587019
-0.5
1.0
0.371486879822
1.0
0.683719031913
0.290056953393
1.0
1.0
0.908749077657
1.0
1.0
0.3947579279
1.0
1.0
1.0
0.575869145951
0.788589473334
0.769116987306
1.0
1.0
1.0
0.698747790165
0.908749077657
1.0
1.0
1.0
1.0
1.0
1.0
1.0
1.0
1.0
1.0
0.521666482124
0.961793710142
0.572258988241
0.580029648081
1.0
0.61085184329
1.0
1.0
0.565244658366
1.0
1.0
1.0
0.901263515796
1.0
1.0
1.0
0.553698086287
0.768236357486
1.0
1.0
0.908749077657
1.0
1.0
1.0
1.0
0.773227312808
0.42803427086
1.0
1.0
1.0
1.0
0.954374538829
1.0
-0.5
0.470244783895
0.563846911287
1.0
1.0
0.488935313841
1.0
0.515900809981
0.649226464153
1.0
0.952315347901
1.0
1.0
1.0
1.0
1.0
0.53410797946
1.0
1.0
0.748968733413
1.0
0.0
0.418029882952
0.908760328362
1.0
1.0
0.385659658662
1.0
1.0
0.613530796014
0.562493136605
1.0
0.856498476086
1.0
1.0
0.94255400067
1.0
1.0
0.754901130935
0.451643479668
1.0
1.0
0.712143972613
0.779611812028
0.882731697739
1.0
0.911625375884
0.829724054374
0.905158920539
1.0
1.0
1.0
0.905158920539
1.0
1.0
0.910825616835
1.0
1.0
1.0
1.0
1.0
1.0
1.0
0.738484465443
1.0
1.0
0.0
0.639412696862
1.0
1.0
0.903933468352
0.451643479668
1.0
0.835559270259
0.826906719813
0.900113732098
0.788589473334
1.0
1.0
1.0
1.0
1.0
