1.0
0.598387694986
0.833333333333
1.0
0.902777777778
1.0
1.0
-0.5
0.500294505902
0.916666666667
0.769230769231
1.0
1.0
1.0
1.0
0.205928797849
0.815789473684
1.0
1.0
0.466742274046
1.0
0.743418415903
0.833333333333
0.0
0.833333333333
0.634948601509
-0.5
1.0
0.467670679938
1.0
0.833333333333
0.815789473684
1.0
0.553987732268
-0.5
0.833333333333
1.0
1.0
1.0
0.916666666667
1.0
1.0
0.659663865546
1.0
1.0
-0.5
0.828947368421
0.455696947709
0.454095354605
1.0
1.0
1.0
0.392641478529
1.0
-0.5
0.939772727273
1.0
1.0
1.0
0.626130010837
0.750582128012
0.930555555556
0.59268739117
0.634503535649
1.0
0.815789473684
0.833333333333
1.0
0.576923076923
1.0
1.0
1.0
0.815789473684
0.0
1.0
1.0
-0.5
0.815789473684
0.670981586042
1.0
1.0
0.815789473684
-0.5
1.0
1.0
1.0
0.0
0.388667051802
1.0
0.492251525613
1.0
1.0
1.0
1.0
0.833333333333
1.0
1.0
1.0
1.0
1.0
-0.5
-0.5
-0.5
1.0
-0.5
1.0
0.576897917485
0.514957509526
1.0
1.0
-0.5
0.388617664671
0.815789473684
0.566666666667
1.0
1.0
1.0
0.772727272727
0.637504516647
0.732814354113
1.0
1.0
0.429550852204
0.907894736842
0.590909090909
-0.5
0.591294208047
-0.5
0.964285714286
0.979166666667
1.0
0.833333333333
1.0
1.0
0.668961343423
0.872242647059
0.847826086957
0.404979360064
-0.5
0.833333333333
-0.5
1.0
1.0
0.424993272953
1.0
1.0
1.0
0.785714285714
0.766800764347
1.0
1.0
0.0
0.875
1.0
0.895833333333
0.396485659401
1.0
-0.5
0.218780560968
1.0
0.886363636364
-0.5
1.0
1.0
0.479564497015
1.0
0.833333333333
0.902777777778
0.930555555556
0.785714285714
0.815789473684
0.610253103237
0.0
0.563157894737
1.0
0.0
0.722248561057
1.0
0.308128680795
0.833333333333
1.0
-0.5
1.0
1.0
1.0
1.0
1.0
-0.5
1.0
0.304485032072
0.441036920085
0.907894736842
1.0
1.0
-0.5
1.0
1.0
-0.5
-0.5
1.0
0.490674713259
1.0
0.815789473684
1.0
1.0
1.0
1.0
0.469070627027
1.0
0.930555555556
1.0
1.0
0.156267537762
1.0
0.0
1.0
0.847826086957
1.0
1.0
1.0
0.815789473684
1.0
1.0
0.889705882353
1.0
1.0
0.913461538462
1.0
1.0
1.0
1.0
0.771862348178
1.0
1.0
0.625
0.838345864662
1.0
1.0
0.833333333333
0.95
1.0
0.253328141048
1.0
0.964285714286
0.555555555556
0.964285714286
1.0
1.0
0.902777777778
1.0
