0.935379896268
0.655383009469
0.695833303028
0.553077588513
0.250799339541
0.910423523691
0.819240686396
0.627617607455
0.597135669072
1.0
0.217216956851
0.566425389035
0.85919053529
0.957587674035
0.641591947403
0.409345250287
0.664877543309
1.0
0.780649226327
0.395495447395
0.668153075997
0.802750536468
0.78978156763
0.918482471571
0.894346093427
0.584237066938
0.852467890574
1.0
0.820754415301
0.954374538829
0.874182347844
0.905158920539
0.66219476135
0.0
0.0
0.794285461442
0.952284812621
0.854612491278
0.92986765116
0.657740197871
0.308543471112
1.0
0.835842607829
0.915946248385
0.967948284633
0.915512193326
0.804704436454
0.616245982495
0.159259799381
0.684056742064
0.809580956869
0.86245691082
0.660938112001
0.574217244129
0.821520174381
0.813614182937
1.0
0.970340422189
0.90870963323
0.367291294414
0.766483493766
0.645765537938
0.746520404443
0.474168012067
0.64875288216
0.302291761707
0.792748225277
0.596026581865
0.510131498509
0.714260417942
0.896959338742
1.0
0.488672131825
1.0
0.765714002233
0.958333333333
-0.5
0.922896728065
0.656987579714
0.789787532199
0.915885077252
0.528230656312
0.974454579973
0.53410797946
1.0
0.357129777633
0.9375
0.813670737512
0.784421033384
0.608535889906
0.842648165519
0.889004989676
0.938836895788
0.976345898326
0.705254607642
0.772369767168
0.667220754507
0.835426637117
0.812313338573
1.0
-0.5
0.516279217654
-0.5
0.954374538829
0.340037288783
1.0
0.60016482121
0.167289170543
0.859731176708
0.778433433243
0.885720293866
0.834128335004
0.60535311549
0.367907262411
0.949429979596
0.869108036243
1.0
0.455078966003
0.649282901642
0.615194978843
0.967687495251
0.733414599878
0.85998329241
0.548121685248
0.766362439044
0.653143378748
0.710423831685
0.926197255085
0.9375
0.880906612292
0.946315552003
0.777012817835
1.0
0.949756250473
0.756201277802
0.485603651368
0.724208247392
0.516024928343
0.544941863687
0.958333333333
0.550285001131
0.97735552642
0.830046991938
0.419432052788
0.797814217282
0.968385582639
0.65717000732
0.839979489585
0.702757291833
0.828775495009
0.948838505883
0.259865147762
0.613727262477
1.0
0.959601783673
0.689957391487
0.855907461756
0.880374708435
0.855014680446
0.719672947048
0.62576980835
0.397270819485
1.0
1.0
0.713937567355
0.973717469915
0.935363930007
0.629611601314
-0.5
0.470244783895
0.462203627123
1.0
1.0
0.379134360744
0.767268643469
0.506954184746
0.554710439505
0.828487053348
0.730684622431
0.935005098614
0.79731355417
0.912337929021
0.975936095276
1.0
0.441414282219
1.0
0.807194307943
0.748968733413
0.752027869538
0.0
0.209014941476
0.863140492543
0.98429209508
0.725705139856
0.376469119265
0.921874767291
0.947252062819
0.546781146348
0.554380739598
0.928389681953
0.699602990937
0.934458063031
0.589253343141
0.549823167057
0.676176553035
0.970682924435
0.697639840093
0.422305300818
0.895331590965
0.911684277385
0.636236806114
0.592506224571
0.67590510059
0.733689879003
0.874322750837
0.7513373332
0.631283958654
0.96875
0.900344732244
0.903228265598
0.791949181219
0.887261159344
0.728085012156
0.744673141977
0.788403597711
0.884893969241
1.0
0.844196981388
0.984154751737
0.819914818779
1.0
0.664176360101
0.804460225209
0.968876654047
0.0
0.537974255831
0.765140217605
0.983048290475
0.741167000857
0.390935898577
0.784543288838
0.783923028802
0.738254946344
0.871219771989
0.704544198716
1.0
0.973831981518
1.0
0.619171054974
0.958333333333
