0.905801631038
0.567291948588
0.657600663537
0.833630662686
0.528461779475
0.908088779513
0.712766175369
-0.5
0.387284138492
0.789612621921
0.468751020582
0.779538479309
0.682692307692
0.960227272727
0.826793919763
0.178089857598
0.615789952132
1.0
0.70099660667
0.375197202259
0.642909491428
0.564395347482
0.673329428084
0.0
0.775456926632
0.604947006451
-0.5
0.955124485083
0.398810986635
0.916666666667
0.74871156449
0.815789473684
0.652598169658
0.487062552145
-0.5
0.646173869492
1.0
0.643598004629
0.857402690243
0.638228928525
0.88469519558
0.8836666205
0.50225542623
0.913660360192
0.808173372429
-0.5
0.767768476726
0.415338123024
0.366241920874
0.618715731256
0.929416307452
0.775228008222
0.347451106981
0.686001031977
-0.5
0.686013448653
0.888888888889
0.884250049986
0.843476962485
0.475882695225
0.645836145171
0.502856702667
0.548055032072
0.490616481215
0.897669942451
0.783954344949
0.68113100659
0.628967606148
0.486105711521
0.652684581295
1.0
0.800365011744
0.526187882152
0.0
0.841785219556
0.934754434778
-0.5
0.781322766001
0.517157184881
0.880995475113
0.867727301016
0.656621916841
-0.5
1.0
0.950817529819
0.617732221657
0.0
0.379103991328
0.881950027872
0.434574879383
0.798315533655
0.94595106863
0.871190731694
0.930703903474
0.710504478653
1.0
0.745967250752
0.794730132802
0.744664708719
0.833850709654
-0.5
-0.5
-0.5
0.916666666667
-0.5
0.905442401877
0.492702948416
0.46510626426
0.798191607457
0.826677973383
-0.5
0.388617664671
0.683048705266
0.497434673712
0.900131591438
0.7819684682
1.0
0.707589285714
0.550595137533
0.532464469625
0.800809846166
0.614088386448
0.371759507462
0.683242352499
0.511888673427
-0.5
0.558199522757
-0.5
0.871738033123
0.815485045162
0.765905904647
0.685985106887
1.0
0.824345777463
0.571345818158
0.588691320321
0.612306324748
0.391944485452
-0.5
0.694753694455
-0.5
0.965909090909
1.0
0.363602047785
0.675265294615
0.747345016687
0.631962614617
0.706934907065
0.600679302875
0.646275112718
0.881014481767
0.0
0.875
0.754172313384
0.714867501282
0.34101015129
0.811597839822
-0.5
0.218780560968
0.686742053314
0.672908471804
-0.5
0.777777777778
0.916666666667
0.403548414617
0.842606034604
0.697354115889
0.696840968316
0.628406640362
0.664553653337
0.586718368179
0.610253103237
0.0
0.377151566029
0.665026613864
0.0
0.629726959647
0.748021155427
0.262253228072
0.722524805064
0.8673666403
-0.5
0.882907058301
1.0
0.786974248345
0.888888888889
0.653432692339
-0.5
0.715858118591
0.251231126728
0.38375481
0.861842105263
0.884203527572
0.706091806695
-0.5
0.643399558879
0.705856954272
-0.5
-0.5
0.950274780512
0.447237667748
0.958444611633
0.506970293939
0.886363636364
0.981617647059
0.982142857143
0.672614707694
0.36886968399
0.904761904762
0.881944444444
0.79227047506
0.795569709867
0.156267537762
0.885427038546
0.0
0.962962962963
0.738269677817
0.776233481591
0.773649796212
0.891923702827
0.72576590021
0.794709561918
0.643360336147
0.479637254878
0.913229577252
0.912517037412
0.763916547747
0.731815344163
0.80894102029
0.844810601513
1.0
0.665510237193
0.743560911731
0.864744585426
0.540726959639
0.484348699726
0.714804380306
0.849143503438
0.690998748682
0.566856013137
0.804121761083
0.228954900363
0.688061669641
0.872238646756
0.453569986011
0.964285714286
0.931521170383
0.931120131649
0.549553587681
0.789771814579
