0.922599798614
0.489930840918
0.639339949096
0.837572229872
0.565684987177
0.862629978561
0.649539313783
-0.5
0.451505688876
0.754636052791
0.522793503361
0.71787514511
0.936538461538
0.992045454545
0.964583333333
0.175040592178
0.805732278911
1.0
0.746236616464
0.36309933701
0.752016042943
0.474525070846
0.738488697048
0.0
0.881355140199
0.524198729259
-0.5
0.919224073149
0.46823258296
0.983333333333
0.826628184504
0.963157894737
0.732900448233
0.367295993773
-0.5
0.701069955266
1.0
0.562483780875
0.803930903043
0.661812143169
0.792451352045
0.857266583566
0.730261762359
0.908009700977
0.833067048727
-0.5
0.863269807814
0.191602566861
0.377034709765
0.582735935308
0.872949353414
0.913733064373
0.435668402822
0.548726888391
-0.5
0.608384574736
0.977777777778
0.82974532807
0.834156938618
0.474562707614
0.453294534993
0.61440132406
0.51343404225
0.438999390497
0.89677755633
0.912170452487
0.707195232153
0.784964380627
0.59943574806
0.720611187889
1.0
0.640657021139
0.518492569519
0.0
0.848043097449
0.900205041424
-0.5
0.911644136697
0.450248012152
0.976199095023
0.972698412698
0.735363722759
-0.5
1.0
0.929647701186
0.698284125766
0.0
0.344779612912
0.88262116128
0.407280310532
0.815578931217
0.942711923535
0.886397285303
0.904678790959
0.765182571379
1.0
0.716435983872
0.771475337443
0.671462652165
0.700931277378
-0.5
-0.5
-0.5
0.983333333333
-0.5
0.83936154077
0.450674830959
0.427593752448
0.813215481659
0.888784240979
-0.5
0.379511796409
0.814176664693
0.635549779917
0.876647120999
0.744413266619
1.0
0.941517857143
0.50587000917
0.558436045324
0.801751840746
0.611260601508
0.244254832729
0.661714125917
0.775945066714
-0.5
0.240314696518
-0.5
0.826271316764
0.827482444633
0.688330683512
0.784874030058
1.0
0.828688240506
0.441384857158
0.672879670695
0.61031880663
0.548833407146
-0.5
0.73431733378
-0.5
0.993181818182
1.0
0.480503313759
0.779686099238
0.683713093529
0.640413111816
0.809625689859
0.456222745175
0.613780852172
0.845409400514
0.0
0.975
0.726740933322
0.70898372453
0.404987813529
0.82477117976
-0.5
0.127138343076
0.799745950974
0.750592849817
-0.5
0.955555555556
0.983333333333
0.412664136156
0.880433552346
0.649945004708
0.850385523665
0.694883306644
0.739053718863
0.579677022622
0.298455585827
0.0
0.574545333472
0.659977638791
0.0
0.547999080247
0.678580936912
0.321880371934
0.767211315782
0.80216904345
-0.5
0.815158630869
1.0
0.824811565574
0.977777777778
0.548418551148
-0.5
0.709179534099
0.337064512959
0.512980880223
0.972368421053
0.79156634963
0.831003217339
-0.5
0.629326636322
0.692070645294
-0.5
-0.5
0.946864975292
0.449559680614
0.942507993248
0.572934530184
0.977272727273
0.996323529412
0.996428571429
0.665092438761
0.403198956306
0.980952380952
0.976388888889
0.762450491471
0.654084301289
0.0412815679723
0.793768669382
0.0
0.992592592593
0.801150866295
0.777775822419
0.813648064554
0.868283177909
0.801115462483
0.73286072531
0.657257720345
0.482744722973
0.938725519755
0.94601166929
0.817357478252
0.746311234015
0.669939990368
0.874543742134
1.0
0.880950365768
0.758651002022
0.824166516394
0.77330852735
0.510012165896
0.772682824844
0.75212138995
0.763797747627
0.571858145339
0.798762535356
0.242806651341
0.794884963236
0.827172421304
0.555441536004
0.992857142857
0.895256625208
0.876016236967
0.609724245369
0.75128911074
