0.867509538356
0.333395517496
0.511009006007
0.747885081588
0.475580350109
0.790622536932
0.6166858864
-0.5
0.340425001877
0.709624337356
0.432692667856
0.641721518092
0.809615384615
0.890909090909
0.85
0.124719071694
0.686333980157
1.0
0.661532633238
0.253809283432
0.663482045314
0.316440251181
0.661678293335
0.0
0.796884294285
0.352808161973
-0.5
0.895011429345
0.339911587429
0.95
0.742275137655
0.889473684211
0.651252687867
0.257896884046
-0.5
0.588212304388
1.0
0.462287884637
0.780666796643
0.555753405918
0.763573273813
0.807966602033
0.577859853696
0.897117925321
0.817048782007
-0.5
0.759159493147
0.109093663114
0.270304493442
0.494475833282
0.856239705275
0.823627170913
0.320405908747
0.437187592429
-0.5
0.485483711859
0.933333333333
0.818505625536
0.744778852856
0.331962897498
0.396941121377
0.524601235586
0.495450419514
0.298266582473
0.87758812186
0.848062398718
0.59959790198
0.659644817829
0.441459175273
0.662430309129
1.0
0.545511016441
0.416176481945
0.0
0.769232340133
0.87409738516
-0.5
0.846483451349
0.303464503278
0.923846153846
0.868095238095
0.623938937816
-0.5
1.0
0.914725989812
0.614313018133
0.0
0.238047669475
0.844863983945
0.285263603348
0.757093979674
0.908706496083
0.841889246594
0.878720758981
0.661863132859
1.0
0.676337217006
0.735963147022
0.621275996619
0.625564129132
-0.5
-0.5
-0.5
0.95
-0.5
0.829749029329
0.420617461116
0.292750937146
0.796880015146
0.825152982181
-0.5
0.26406473054
0.734976321343
0.479336579914
0.809543202373
0.676828748447
1.0
0.821875
0.348265686552
0.395450257474
0.745141137573
0.539887558691
0.148665064832
0.604623494946
0.622780506434
-0.5
0.112590442971
-0.5
0.779361817801
0.701484361699
0.623427736329
0.660564177654
1.0
0.768341699387
0.288412717504
0.553395789626
0.480170231988
0.413822673624
-0.5
0.654279103861
-0.5
0.979545454545
1.0
0.359797093037
0.71666943521
0.614664866023
0.561352991473
0.713280298462
0.444076024025
0.524329265025
0.802245411025
0.0
0.925
0.691418161814
0.64525894624
0.298209386102
0.762944658208
-0.5
0.0729594520224
0.694718831216
0.63514838958
-0.5
0.866666666667
0.95
0.298408649873
0.83125663558
0.578694498816
0.743159934044
0.605050329473
0.7018036861
0.499278522468
0.154354344532
0.0
0.446594063785
0.569548580171
0.0
0.457198459044
0.579777110764
0.275751010529
0.678201393756
0.775108750966
-0.5
0.758755066807
1.0
0.744951164878
0.933333333333
0.481278756156
-0.5
0.628288365906
0.250966001662
0.381701178445
0.917105263158
0.537884938601
0.744180018275
-0.5
0.588065883978
0.630023935106
-0.5
-0.5
0.920958766791
0.323593343008
0.919466687056
0.463364645454
0.931818181818
0.988970588235
0.989285714286
0.613919362701
0.288328258553
0.934375
0.9125
0.728496846902
0.545599064402
0.00877455286737
0.739597853964
0.0
0.975
0.721123315534
0.707212985338
0.728023930383
0.82672486729
0.70028278661
0.680838273288
0.528976468622
0.411546549241
0.884694653767
0.908656186811
0.750252397615
0.691473908507
0.604632813022
0.843384109843
1.0
0.733213432385
0.701318244855
0.782190954436
0.619517743494
0.409866512396
0.703212587537
0.66085135885
0.697398248154
0.495432152257
0.748740444748
0.17238871236
0.700773100061
0.780062676888
0.418270100886
0.978571428571
0.87033334224
0.828568184308
0.524335556664
0.69463339365
