1.0
0.495179898363
0.966666666667
1.0
0.975
1.0
1.0
-0.5
0.563030110623
0.983333333333
0.95
1.0
1.0
1.0
1.0
0.202129533133
0.963157894737
1.0
1.0
0.461188724861
1.0
0.631955669635
0.966666666667
0.0
0.966666666667
0.507613365068
-0.5
1.0
0.601807223888
1.0
0.966666666667
0.963157894737
1.0
0.435573057729
-0.5
0.966666666667
1.0
1.0
1.0
0.983333333333
1.0
1.0
0.914215686275
1.0
1.0
-0.5
0.963157894737
0.192170968142
0.474456337481
1.0
1.0
1.0
0.547976148725
1.0
-0.5
0.961363636364
1.0
1.0
1.0
0.627034019507
0.593153093579
0.975
0.56157414621
0.456392078455
1.0
0.963157894737
0.966666666667
1.0
0.9
1.0
1.0
1.0
0.963157894737
0.0
1.0
1.0
-0.5
0.963157894737
0.468481140589
1.0
1.0
0.963157894737
-0.5
1.0
1.0
1.0
0.0
0.333197613122
1.0
0.428382362053
1.0
1.0
1.0
1.0
0.966666666667
1.0
1.0
1.0
1.0
1.0
-0.5
-0.5
-0.5
1.0
-0.5
1.0
0.558416251474
0.547976148725
1.0
1.0
-0.5
0.339511796409
0.963157894737
0.913333333333
1.0
1.0
1.0
0.954545454545
0.579087077333
0.644065837403
1.0
1.0
0.215823112914
0.981578947368
0.918181818182
-0.5
0.164329574485
-0.5
0.992857142857
0.995833333333
1.0
0.966666666667
1.0
1.0
0.499130418161
0.967647058824
0.969565217391
0.569537299511
-0.5
0.966666666667
-0.5
1.0
1.0
0.576914228918
1.0
1.0
1.0
0.957142857143
0.580241375824
1.0
1.0
0.0
0.975
1.0
0.975
0.502763661801
1.0
-0.5
0.0938050097431
1.0
0.977272727273
-0.5
1.0
1.0
0.432657285076
1.0
0.966666666667
0.975
0.975
0.957142857143
0.963157894737
0.198455585827
0.0
0.907894736842
1.0
0.0
0.569468883053
1.0
0.376853847653
0.966666666667
1.0
-0.5
1.0
1.0
1.0
1.0
1.0
-0.5
1.0
0.435573057729
0.553866456153
0.981578947368
0.9
1.0
-0.5
1.0
1.0
-0.5
-0.5
1.0
0.479032719456
1.0
0.963157894737
1.0
1.0
1.0
1.0
0.542184271506
1.0
0.975
1.0
1.0
0.0112815679723
1.0
0.0
1.0
0.969565217391
1.0
1.0
1.0
0.963157894737
1.0
1.0
0.975
1.0
1.0
0.975
1.0
1.0
1.0
1.0
0.947692307692
1.0
1.0
0.925
0.961111111111
1.0
1.0
0.966666666667
0.99
1.0
0.263133511029
1.0
0.992857142857
0.911111111111
0.992857142857
1.0
1.0
0.975
1.0
