0.93280572954
0.655410733452
0.661663539253
0.579240760164
0.348076282842
0.892676050081
0.750989156828
0.557104476174
0.567654227449
0.923767573152
0.332330180557
0.537905903777
0.865645169063
0.940622743649
0.708865801838
0.477899835183
0.680841114861
1.0
0.709840405664
0.378833064381
0.678462419952
0.697542626034
0.779280651628
0.893691313227
0.897972321812
0.55241417244
0.852313178485
0.97307469105
0.738613317073
0.96806217718
0.865759845343
0.933611244377
0.590805666403
0.11052723602
0.103952806467
0.739445300175
0.933816837869
0.752511100688
0.888076242685
0.603844987212
0.420008636143
0.949601785148
0.710311692187
0.911700747115
0.90958143576
0.885329926631
0.808341206036
0.443521490132
0.195182353534
0.635995159441
0.796701121405
0.878948420227
0.670349860864
0.500326926345
0.795518171497
0.745298611852
1.0
0.92407403981
0.850760509111
0.410664173762
0.640949147441
0.6246011337
0.673997921548
0.459746143792
0.723093355452
0.48467045449
0.75161505187
0.61431514604
0.52607357672
0.702062954063
0.927871537119
0.880219007046
0.497023388442
0.949287027808
0.747681048642
0.938303641259
-0.5
0.891001683892
0.66171897036
0.838749720288
0.883122050559
0.588209007474
0.921991614426
0.624593261126
0.970490517891
0.411035539623
0.924062865174
0.657910752711
0.808679613221
0.564712449808
0.839534364385
0.878441158306
0.894267393977
0.951934827479
0.684959250526
0.776763071919
0.687138993629
0.814497137563
0.748216949523
0.900310425793
-0.5
0.611305691275
-0.5
0.96806217718
0.385264653007
0.943128530489
0.552165715326
0.263429602597
0.846903258758
0.774092135943
0.898044007859
0.771880979796
0.687017257935
0.432964482827
0.890434772451
0.828234524151
1.0
0.583258833175
0.576593456864
0.702199356012
0.934495343002
0.658222995839
0.812033267325
0.580739040376
0.743384729737
0.623524101098
0.53184586701
0.909169950553
0.900721391302
0.864586688304
0.854152214973
0.751343423141
0.959337259685
0.913761532211
0.60275003147
0.500887720749
0.643610110689
0.538570024251
0.477106566284
0.894095806417
0.498196306872
0.984148868494
0.813826271517
0.410432555909
0.773193958727
0.878797707571
0.621587361611
0.838575158377
0.676598447693
0.761998245803
0.908500901764
0.399218301552
0.729609083734
0.968063607078
0.912301735276
0.687106696349
0.83183213941
0.774372521478
0.780884150592
0.656891968132
0.618860688823
0.309442903753
1.0
1.0
0.692574900554
0.948569358475
0.844000553872
0.652304874024
-0.5
0.5564749693
0.484476406202
0.883075930971
0.966609762684
0.416848448034
0.70105937589
0.583107232054
0.514268100246
0.742796793058
0.618083252714
0.888018452068
0.747814418523
0.855441344104
0.922621723896
1.0
0.534984906061
0.97870811812
0.718200894122
0.824278113389
0.710593480819
0.107556857855
0.309096144436
0.90419834478
0.92619257742
0.72591952784
0.368454658425
0.911338019408
0.858047103249
0.548613708754
0.455639380286
0.910602061635
0.595421982162
0.907190449225
0.58426672071
0.629893900234
0.695194286232
0.979478047104
0.607714572129
0.46120238625
0.853464227352
0.93817899417
0.671864412952
0.632175091559
0.635294782294
0.66051571581
0.84129367155
0.82593613324
0.686960120082
0.810816178365
0.875339488136
0.890971699922
0.771832014891
0.789887564459
0.710971107997
0.677252598261
0.82386162925
0.876525430818
1.0
0.813680939624
0.879465246083
0.806600536951
1.0
0.729761869323
0.759727053898
0.911185192486
0.249436175783
0.509881459011
0.718510076451
0.904651155396
0.753416149809
0.427945401091
0.764219826487
0.613167225008
0.759448306898
0.854625599874
0.657750628908
1.0
0.947539533737
0.958672078989
0.627208813656
0.886363088748
