0.768693201435
0.320220023457
0.393621620764
0.210099160584
0.172088547742
0.667755798475
0.585422158019
0.0916119405037
0.18225778679
0.749178382102
0.159092165156
0.34806258383
0.832318009449
0.696420835369
0.484857589045
0.35729761137
0.555181049979
1.0
0.501509323782
0.176628977423
0.500366249473
0.0904115003374
0.635621877608
0.878504357973
0.785962594309
0.241167596029
0.768693201435
0.867962449201
0.439183796374
0.963499631063
0.714470914496
0.924127136431
0.408054703822
0.0736848240131
0.0693018709782
0.476191407992
0.837210155647
0.310653681325
0.768673378843
0.304959262141
0.328837969949
0.770133314867
0.422315185589
0.881319407235
0.898143773256
0.762980927535
0.705438398432
0.0311696180327
0.0990101147494
0.362367244883
0.649568230719
0.819032576201
0.386779548723
0.113998371257
0.58748852267
0.331295921858
1.0
0.859460229453
0.610357250852
0.121884328093
0.32744670056
0.328457495882
0.611035722179
0.0852190235636
0.654073540369
0.419019879507
0.469797029183
0.367041376523
0.399032594709
0.592792676317
0.866666666667
0.453479338031
0.249528257242
0.766191351872
0.534962195296
0.844980205284
-0.5
0.888797639099
0.390732082097
0.776560806232
0.677973427799
0.37293037817
0.761130732982
0.594431500571
0.886350282803
0.30225695904
0.778541910116
0.0650050048935
0.731456709251
0.314745938789
0.672606971456
0.781629576706
0.761373118074
0.846301169233
0.418665523151
0.755377441218
0.564972633973
0.686465661054
0.550711360968
0.535875465466
-0.5
0.503307129913
-0.5
0.963499631063
0.254625738661
0.839749722665
0.429893076276
0.138212919178
0.763394290042
0.659827155972
0.79119258654
0.551801892954
0.626303613229
0.201465972001
0.640821867345
0.68020227002
1.0
0.487934572975
0.0960474147235
0.539864563622
0.764120546584
0.39826685605
0.540029975092
0.423727751992
0.515965542409
0.413517988033
0.027727704208
0.896194229204
0.762980927535
0.621013865952
0.571464648051
0.463403067958
0.839558173123
0.765954771253
0.0817294668982
0.205730735627
0.246921297128
0.118235049607
0.0637648411355
0.682174982055
0.0753312040533
0.981884421136
0.689782816759
0.121673782456
0.671980919875
0.600618533149
0.342483976357
0.667339147751
0.339294880266
0.387903599531
0.767605831721
0.306940135407
0.690981809982
0.889071911262
0.826141205235
0.50682640813
0.685531303761
0.416904452932
0.481582582853
0.408099976144
0.441323391815
0.0305553093543
1.0
1.0
0.404560676397
0.844644753023
0.593257644595
0.492346160013
-0.5
0.527731574165
0.246593827258
0.522050620647
0.844406508456
0.19263269604
0.412728165763
0.427306633811
0.378192336965
0.422026184853
0.257932707996
0.689009922026
0.536346367289
0.677869862526
0.692977638135
1.0
0.376717131653
0.975666420709
0.387508216045
0.737694696882
0.495748577856
0.0717045719033
0.19902996693
0.890512394034
0.505589793686
0.613155148655
0.0731675387488
0.864434492805
0.612501372158
0.29918917592
0.0526201455852
0.878437986952
0.0924552408596
0.816832309881
0.36612953122
0.577021600268
0.619410650511
0.976546339548
0.300727905042
0.211941718433
0.8
0.9
0.530809217842
0.485406506199
0.403038908705
0.303459545888
0.827385841736
0.80106986656
0.581745510369
0.575881296085
0.685005312123
0.757040438273
0.555265201346
0.4483938732
0.565208878758
0.355696263041
0.700634529999
0.818483171924
1.0
0.584468735764
0.553704613244
0.766226867075
1.0
0.617744684424
0.60208943442
0.745165502457
0.166290783856
0.226448463738
0.445344235744
0.5459575311
0.606399499473
0.236276019033
0.704997269928
0.0492539178172
0.563728575168
0.613181172988
0.231302974384
1.0
0.84390476445
0.772448052659
0.325585602385
0.684180969614
