0.847746270972
0.516365629976
0.514198195625
0.425193660633
0.378869523949
0.759510538399
0.610433140724
0.274835821511
0.33954681356
0.747535146305
0.404108678422
0.504926111535
0.916159004725
0.848210417684
0.742428794523
0.577129447385
0.704199455292
1.0
0.629527971347
0.240117626906
0.613833969861
0.271234501012
0.695200195948
0.939252178987
0.846896143949
0.38090679931
0.847746270972
0.889601633316
0.544462049711
0.981749815531
0.780289127002
0.962063568216
0.581306968609
0.221054472039
0.207905612935
0.599318778559
0.857060841698
0.431961043975
0.779618167543
0.469914326957
0.57512261503
0.8103999446
0.623715406432
0.893958221704
0.868717120529
0.788942782605
0.796291769509
0.0935088540981
0.297030344248
0.468054115602
0.740371358823
0.883695952306
0.545057711965
0.34199511377
0.754373697255
0.463111975893
1.0
0.837789688522
0.721092091752
0.365652984278
0.376395401803
0.485372487645
0.557907258487
0.255657070691
0.775314000084
0.681622179439
0.591754158863
0.601124129568
0.535275494937
0.665237536408
0.933333333333
0.527104680759
0.452512491672
0.798574055616
0.689712912451
0.868273949185
-0.5
0.905484895483
0.533062958983
0.888280403116
0.8389867139
0.564466686021
0.825058865613
0.715078542793
0.90905084841
0.490104210452
0.835625730348
0.19501501468
0.799678819348
0.435416949133
0.759197865717
0.867575643257
0.82578602089
0.872236841032
0.547747759279
0.799465656987
0.672300898024
0.726063649828
0.601936749498
0.607626396399
-0.5
0.695865742003
-0.5
0.981749815531
0.424375651024
0.831749167996
0.435030438935
0.414638757535
0.790182870125
0.751575123945
0.858995963524
0.65213610066
0.766958090688
0.429650176112
0.755798935367
0.703947497643
1.0
0.743967286488
0.28814224417
0.722537066515
0.825694973085
0.494800568149
0.620089925276
0.540354342311
0.644926059412
0.4905539641
0.0831831126239
0.948097114602
0.788942782605
0.725948568883
0.628679658439
0.637555645837
0.852007852703
0.79786431376
0.245188400695
0.408525614033
0.455256628939
0.354705148821
0.191294523407
0.713191612833
0.22599361216
0.990942210568
0.756848450278
0.314784478235
0.765942759625
0.635188932782
0.494118595738
0.751318766654
0.492884640797
0.497044131926
0.802817495164
0.601887761363
0.845490904991
0.917215733786
0.829247753157
0.602264010508
0.757923851931
0.500713358797
0.544747748559
0.602865685239
0.591688586482
0.0916659280629
1.0
1.0
0.547015362525
0.867267592402
0.605815369071
0.643705146705
-0.5
0.642705154705
0.412255256745
0.566151861942
0.866552858702
0.414919650172
0.53818449729
0.594052154792
0.413214272947
0.493094161065
0.358107277291
0.733696432743
0.609039101867
0.700276254244
0.745599581073
1.0
0.605494013267
0.987833210354
0.462524648134
0.868847348441
0.602901693147
0.21511371571
0.431154096617
0.945256197017
0.683436047724
0.739920444523
0.219502616246
0.905803478414
0.670837449808
0.437419430748
0.157860436756
0.939218993476
0.277365722579
0.877678074266
0.561130385092
0.788510800134
0.781345985483
0.988273169774
0.361161661665
0.420756831649
0.9
0.95
0.642902356708
0.670048370494
0.473506978
0.410378637664
0.83932556003
0.90053493328
0.699308336892
0.677021351855
0.754326471881
0.812787981487
0.664080855725
0.511848286266
0.666556661589
0.504588789122
0.82286701769
0.886938181983
1.0
0.670072873958
0.594447173066
0.840347267893
1.0
0.776277541168
0.639601636594
0.779707783618
0.498872351567
0.3732479312
0.615774588329
0.6378725933
0.694198498418
0.407732403986
0.739991809784
0.147761753452
0.693130787627
0.714543518965
0.40672027297
1.0
0.865047626682
0.817344157978
0.513947152629
0.71920957551
