0.926799340508
0.712511236495
0.634774770486
0.640288160683
0.585650500155
0.851265278324
0.635444123428
0.458059702518
0.503519905508
0.745891910508
0.649125191689
0.661789639241
1.0
1.0
1.0
0.7969612834
0.853217860606
1.0
0.757546618912
0.360231192158
0.727301690249
0.452057501687
0.754778514288
1.0
0.90782969359
0.536147656281
0.926799340508
0.911240817432
0.649740303047
1.0
0.846107339507
1.0
0.754559233396
0.368424120066
0.346509354891
0.722446149125
0.890724896782
0.553268406625
0.790562956243
0.634869391774
0.821407260112
0.850666574333
0.825115627276
0.906597036173
0.839290467802
0.814904637675
0.887145140586
0.155848090164
0.495050573747
0.573740986321
0.845070350034
0.948359328411
0.703335875206
0.569991856284
0.921258871839
0.594928029928
1.0
0.816119147591
0.831826932652
0.609421640463
0.425344103047
0.642287479408
0.504778794795
0.426095117818
0.8965544598
0.944224479371
0.713711288543
0.835206882613
0.671518395165
0.7376823965
1.0
0.600730023488
0.655496726101
0.83095675936
0.858516248215
0.891567693085
-0.5
0.944224479371
0.675393835868
1.0
1.0
0.756002993873
0.888986998244
0.835725585015
0.931751414017
0.677951461864
0.89270955058
0.325025024467
0.882788944632
0.595600120308
0.845788759978
0.953521709809
0.890198923705
0.898172512831
0.676829995408
0.843553872755
0.779629162074
0.765661638603
0.653162138027
0.679377327331
-0.5
0.888424354093
-0.5
1.0
0.594125563388
0.823748613327
0.440167801594
0.691064595891
0.816971450209
0.843323091917
0.926799340508
0.752470308366
0.907612568146
0.657834380223
0.870776003389
0.744959436557
1.0
1.0
0.480237073617
0.905209569408
0.887269399586
0.591334280249
0.700149875461
0.65698093263
0.773886576415
0.567589940166
0.13863852104
1.0
0.814904637675
0.830883271815
0.698467380885
0.811708223716
0.864457532282
0.829773856267
0.408647334491
0.611320492438
0.66359196075
0.591175248035
0.318824205678
0.744208243611
0.376656020267
1.0
0.823914083796
0.510726359254
0.859904599375
0.669759332414
0.645753215119
0.835298385558
0.646474401328
0.606184664321
0.838029158607
0.896835387319
1.0
0.94535955631
0.83235430108
0.697701612885
0.830316400101
0.584522264662
0.607912914265
0.829811844286
0.742053781149
0.152776546772
1.0
1.0
0.689470048653
0.889890431781
0.642878708935
0.795064133397
-0.5
0.757678735245
0.577916686232
0.610253103237
0.888699208948
0.637206604304
0.663640828816
0.760797675773
0.448236208928
0.564162137277
0.462360311108
0.778382943461
0.681731836445
0.722682645962
0.79822152401
1.0
0.834270894881
1.0
0.537541080223
1.0
0.710054808437
0.358522859517
0.707039651646
1.0
0.861282301763
0.866685740392
0.365837693744
0.947172464023
0.729173527458
0.575649685576
0.263100727926
1.0
0.462276204298
0.938523838651
0.757975508192
1.0
0.943281320456
1.0
0.421595418288
0.629571944864
1.0
1.0
0.754995495574
0.865323270729
0.543975047295
0.51729772944
0.851265278324
1.0
0.816871163414
0.778161407626
0.82364763164
0.868535524701
0.819952853052
0.575302699333
0.776394444755
0.653481315203
0.945099505381
0.955393192042
1.0
0.755677012153
0.635189732888
0.91446766871
1.0
0.934810397912
0.677113838768
0.814250064778
0.831453919278
0.520047398661
0.786204940915
0.7297876555
0.781997497363
0.579188788939
0.804294066155
0.246269589086
0.822533000087
0.815905864941
0.582137571556
1.0
0.886190488915
0.862240263297
0.702308702873
0.754238181405
