1.0
1.0
1.0
1.0
1.0
1.0
1.0
0.530282740295
0.625589011804
1.0
1.0
1.0
1.0
1.0
1.0
1.0
1.0
1.0
1.0
0.512431916512
1.0
0.702172966261
1.0
1.0
1.0
0.564014850076
1.0
1.0
1.0
1.0
1.0
1.0
1.0
0.483970064143
0.348281292445
1.0
1.0
1.0
1.0
1.0
1.0
1.0
1.0
1.0
1.0
1.0
1.0
0.213523297936
1.0
1.0
1.0
1.0
1.0
1.0
1.0
1.0
1.0
1.0
1.0
1.0
0.553795834971
1.0
0.553795834971
0.507102309394
1.0
1.0
1.0
1.0
1.0
1.0
1.0
1.0
1.0
1.0
1.0
1.0
-0.5
1.0
1.0
1.0
1.0
1.0
1.0
1.0
1.0
1.0
1.0
0.370219570136
1.0
1.0
1.0
1.0
1.0
1.0
1.0
1.0
1.0
1.0
1.0
1.0
-0.5
1.0
-0.5
1.0
1.0
1.0
0.553795834971
1.0
1.0
1.0
1.0
1.0
1.0
1.0
1.0
1.0
1.0
1.0
0.643430085925
1.0
1.0
1.0
1.0
1.0
1.0
1.0
0.182588416095
1.0
1.0
1.0
1.0
1.0
1.0
1.0
0.554589353512
1.0
1.0
0.632819221678
0.352895839757
1.0
0.486994307647
1.0
1.0
0.641015809909
1.0
1.0
1.0
1.0
1.0
1.0
1.0
1.0
1.0
1.0
1.0
1.0
1.0
1.0
1.0
1.0
1.0
0.233719182711
1.0
1.0
1.0
1.0
1.0
1.0
-0.5
1.0
1.0
1.0
1.0
1.0
1.0
1.0
0.553795834971
1.0
0.623558794643
1.0
1.0
1.0
1.0
1.0
1.0
1.0
1.0
1.0
1.0
0.483970064143
1.0
1.0
1.0
1.0
0.52193623087
1.0
1.0
1.0
0.29237056781
1.0
0.532258577173
1.0
1.0
1.0
1.0
1.0
0.553795834971
1.0
1.0
1.0
1.0
1.0
1.0
1.0
1.0
1.0
1.0
1.0
1.0
1.0
1.0
1.0
1.0
1.0
1.0
1.0
1.0
1.0
1.0
1.0
1.0
1.0
1.0
1.0
1.0
1.0
1.0
1.0
1.0
1.0
1.0
0.29237056781
1.0
1.0
1.0
1.0
1.0
1.0
1.0
1.0
