0.931947673964
0.65541997478
0.65040181588
0.587961817381
0.382015456744
0.886760225544
0.733512088628
0.535016882506
0.557827080242
0.898356764203
0.376798573212
0.548927837828
0.877586934662
0.949105208842
0.743256879612
0.508694317809
0.699330838026
1.0
0.714876523882
0.375325250496
0.683210912663
0.662473322556
0.775780346293
0.90887826848
0.89938051778
0.550090384417
0.862954058774
0.964099588066
0.711253087022
0.972624723297
0.862952344509
0.943095352323
0.593198527692
0.147369648026
0.138603741956
0.728581802138
0.927660846286
0.719343437251
0.874145773193
0.607640784652
0.457163691154
0.932802380197
0.709046074009
0.910971645552
0.899539868909
0.875269171065
0.819598910971
0.385946659344
0.218672448739
0.62567568712
0.798345937033
0.888864264253
0.673487110485
0.49357720999
0.808276362668
0.722526754824
1.0
0.90865191235
0.846477634142
0.430464259536
0.599104365333
0.617546332288
0.649823760583
0.454938854367
0.747873513216
0.550321029473
0.746200228537
0.622039909352
0.542566234348
0.706790548165
0.938175603245
0.840292009395
0.507012240938
0.932382703744
0.757181392997
0.931627077234
-0.5
0.886115103539
0.663296100575
0.855070449652
0.873435578363
0.612043317012
0.917276669258
0.654755021682
0.960654023855
0.446787980692
0.919583820232
0.608143853162
0.8167658065
0.553942009782
0.838947282468
0.884602609981
0.893686183938
0.943797803864
0.678194131487
0.778227506836
0.699737212984
0.807520637711
0.726851486506
0.867080567723
-0.5
0.650734093413
-0.5
0.972624723297
0.415101925918
0.925944644061
0.536166013364
0.324520315925
0.842627286108
0.783982272511
0.902151912523
0.769108026734
0.71423863875
0.465088753884
0.88762637687
0.81461002012
1.0
0.642793285579
0.558525198364
0.731200815069
0.92749379489
0.633159127826
0.79604992563
0.59163073927
0.742304233946
0.615533506679
0.472319878785
0.922145671903
0.88846185507
0.85977191452
0.828650051412
0.742786958243
0.945783012913
0.901763292791
0.560136804589
0.516319527445
0.631528651973
0.54608505622
0.454494800483
0.872683297444
0.480833408786
0.986413315852
0.814692965379
0.420117490718
0.779931906167
0.848935082549
0.616136319313
0.838107047974
0.66787883298
0.739739162734
0.895055033724
0.469473772185
0.768236357486
0.95741814277
0.896535052476
0.686882821039
0.8309784305
0.747251056219
0.756173973974
0.650834845776
0.634890415934
0.284925473442
1.0
1.0
0.689994510802
0.940186654661
0.81354609516
0.65986929826
-0.5
0.585218364435
0.497406352216
0.844101241295
0.955479683579
0.438857055172
0.67898962003
0.608491581157
0.50465973448
0.717147291529
0.580549462808
0.872356236553
0.731314706641
0.836475815798
0.904850266769
1.0
0.577740047321
0.981749815531
0.688536422848
0.849381240048
0.709208025251
0.143409143807
0.342456545423
0.917884295526
0.914680023992
0.728749183046
0.368080806328
0.916457225781
0.836258667351
0.552475991158
0.428133858521
0.923373195687
0.5670114964
0.911666647714
0.588457857551
0.682766200201
0.730635291121
0.982409754661
0.577739482807
0.483593036382
0.874397909158
0.947010566431
0.683740281898
0.661500527137
0.622249105866
0.636797181404
0.842718186803
0.85080239992
0.705518840558
0.762536333391
0.867954937208
0.88688617803
0.768082511652
0.759232583726
0.716249239517
0.663629934358
0.838473898037
0.88779225385
1.0
0.803508925702
0.844568744198
0.822010127202
1.0
0.759054516264
0.744815996795
0.893538313612
0.332581567711
0.503811144471
0.723078732284
0.878518777036
0.757499199459
0.442575439138
0.766001238177
0.556248623744
0.766512760416
0.84909420917
0.644958867218
1.0
0.938775384476
0.944896105319
0.635162544987
0.862373007219
