1.0
0.966610415148
1.0
0.919611976691
0.860000664271
1.0
1.0
0.501743944568
0.654277734423
1.0
0.827437931392
1.0
1.0
1.0
0.942428794523
0.981749815531
0.981031784108
1.0
1.0
0.495219343376
1.0
0.739195577176
0.981749815531
1.0
0.981749815531
0.554665211677
1.0
1.0
1.0
1.0
0.981749815531
0.981031784108
1.0
0.387176051315
0.278625033956
1.0
1.0
1.0
1.0
0.946839094981
0.882278258963
1.0
1.0
1.0
1.0
1.0
0.981031784108
0.213815424345
0.8
1.0
1.0
1.0
0.964489456117
0.8
0.981749815531
0.991921476448
1.0
1.0
1.0
0.8
0.616163725084
0.966982114598
0.613063322383
0.541383556546
0.942428794523
0.863372958775
0.963527385737
1.0
1.0
1.0
1.0
1.0
0.95
1.0
0.996762822171
1.0
-0.5
0.982325075177
0.961353079601
1.0
1.0
0.910864889698
1.0
0.942428794523
1.0
1.0
1.0
0.457486520477
1.0
0.8
1.0
1.0
1.0
1.0
0.981749815531
1.0
1.0
1.0
1.0
1.0
-0.5
0.911641917404
-0.5
1.0
0.85658359416
1.0
0.579780474359
0.8
1.0
1.0
0.981749815531
1.0
1.0
0.874749149411
1.0
1.0
1.0
0.91517382919
0.672461963407
0.907646794922
1.0
1.0
1.0
0.939749558033
0.981749815531
1.0
0.308511418305
1.0
1.0
1.0
1.0
1.0
1.0
1.0
0.560999426641
0.904333296425
0.942753631222
0.620707174991
0.398322601422
1.0
0.511765814776
1.0
1.0
0.512812647927
1.0
1.0
1.0
0.980252703159
0.905607352366
1.0
1.0
0.910739617257
0.953647271497
1.0
1.0
0.981749815531
1.0
1.0
1.0
1.0
0.940548198192
0.260098613138
1.0
1.0
1.0
1.0
0.981749815531
1.0
-0.5
0.894048956779
0.865505245006
1.0
1.0
0.86381298182
1.0
0.903180161996
0.567907952278
1.0
0.598659493415
1.0
1.0
1.0
1.0
1.0
0.906821595892
1.0
1.0
0.949793746683
1.0
0.387176051315
0.8
0.981752065672
1.0
1.0
0.494680916429
1.0
1.0
0.922706159203
0.339905163964
1.0
0.572588413991
1.0
1.0
0.988510800134
1.0
1.0
0.594016894164
0.890328695934
1.0
1.0
0.942428794523
0.955922362406
0.976546339548
1.0
0.982325075177
0.965944810875
0.981031784108
1.0
1.0
1.0
0.981031784108
1.0
1.0
0.982165123367
1.0
1.0
1.0
1.0
1.0
1.0
1.0
0.947696893089
1.0
1.0
0.8
0.927882539372
1.0
1.0
0.98078669367
0.890328695934
1.0
0.38861561035
0.965381343963
0.98002274642
0.920619233077
1.0
1.0
1.0
1.0
1.0
