2.448166064
3.75661292505
1.80646629315
2.47167962512
2.14347269172
2.8943327919
2.61314727444
1.01888507249
1.66286739053
5.0537274347
3.27210240411
3.49949684922
3.26361788612
2.49853465572
2.41492112366
4.12422414814
2.45886656463
2.96998034711
4.15844324402
0.72704364643
2.22418438583
0.70850438413
1.76084083198
2.49779018714
3.21931120352
2.75375212784
2.57598645965
3.75942689581
3.63003264277
3.58728453263
1.76084083198
1.75904575342
3.46876493398
0.569866030729
0.556227121676
3.5792942562
3.25219528115
3.54422695374
3.63003264277
2.3605687685
3.33572829018
5.43322338495
3.85705073296
4.71880173555
3.83437253661
2.87229061226
2.29663840647
1.65615477655
1.30646629315
1.80646629315
2.57840261028
3.20519100118
3.56912295714
2.41882060285
2.71054193843
3.63770300797
3.49598882599
3.63003264277
3.74148200225
1.30646629315
2.40171049583
3.25450064765
1.04742205558
2.01291673632
3.2358377693
2.9874291667
1.71528475749
2.40377654042
2.37816811672
2.64055966818
3.47363892226
3.25219528115
3.50503264277
1.80646629315
4.15844324402
2.69889831062
-0.5
3.66284443914
2.55304243868
3.47143420235
2.45272989254
1.58362851739
3.33704536116
1.66253827945
4.28344324402
3.61947982626
2.69889831062
1.44786971386
5.12247919658
2.14965973968
2.95136776802
3.75761218411
1.83001348867
2.64965973968
3.08476386474
2.95136776802
2.35179368778
1.80646629315
3.63003264277
3.54422695374
-0.5
2.85859831181
-0.5
3.65789931685
2.97850434656
3.63003264277
1.50225885995
3.3200481675
1.80646629315
3.84249923915
2.60403427851
3.33704536116
3.13383923483
2.95360461678
4.57592449438
2.72562078369
3.62097795249
2.69017975963
2.72562078369
3.10616234846
3.27075277037
3.25219528115
1.80646629315
2.40824281641
2.92067985121
1.80646629315
1.04769198136
2.40609162608
2.87229061226
3.81610636796
3.25219528115
2.54426916233
3.20519100118
4.1594794873
2.2151431604
2.56186540147
3.51478339491
0.886302344217
0.849667654185
4.28344324402
0.941783161812
2.67625383704
2.57437653164
1.05088313307
2.52182289895
2.61314727444
2.96998034711
1.75709805105
3.85705073296
3.63003264277
5.0537274347
2.83704536116
2.53377791842
3.25219528115
2.19028587811
2.60403427851
2.67509983474
3.33704536116
2.64965973968
3.91206883383
4.07610203554
0.851723749236
5.95196073766
3.20519100118
3.84008688718
1.80646629315
1.76084083198
2.49347103104
-0.5
1.88419717618
1.47022940566
2.2151431604
3.62097795249
1.80860723878
2.00614881818
2.75457005526
1.48501257607
1.80646629315
1.30725225033
1.80646629315
2.96998034711
1.80646629315
1.80646629315
3.96876493398
2.32997390197
3.47342795018
3.84008688718
2.52414410638
3.09070307788
0.569866030729
2.14965973968
2.35871180084
3.75535354968
2.92645874411
2.63824556727
3.25219528115
3.33704536116
1.61323169115
1.16549942493
2.96998034711
2.36394943794
3.55509491856
3.39214283096
3.81136388752
3.51760718401
3.4143861187
1.09350910813
1.53228803298
2.95136776802
1.87575873377
1.66253827945
3.88425722276
3.73999591741
3.54422695374
2.69596664897
4.19830527121
3.56475417004
3.45984192007
2.41383673893
2.96998034711
3.3228624721
3.54422695374
3.63003264277
3.77151917638
5.26856957232
3.54723543691
2.74015396102
2.55886892133
2.49347103104
3.33704536116
3.30731529411
4.10810061354
2.0556130576
3.65789931685
1.10951877209
2.55986030945
2.96998034711
2.96998034711
1.75843302732
1.53228803298
3.63003264277
1.2872755409
2.52660063435
2.82234747831
2.73246315361
3.75942689581
3.54422695374
3.20519100118
3.65789931685
3.55509491856
