2.14944928824
1.87696298731
1.60517285401
1.76624759444
1.21540252978
2.61183852202
1.88354938737
0.768130382201
1.18640146994
5.07223757815
1.65970737714
2.64622634997
3.21885098221
2.55903573382
2.56057681853
2.96716278526
2.13024995997
2.94351264818
2.44950094061
0.666155999932
2.18970996063
0.491087958454
1.54575748884
2.67372735722
2.59223980423
2.06098956065
2.25003208883
3.29221195251
1.9272607205
3.36193793969
1.61151179533
2.10060048657
3.62168816946
0.764827905746
0.640574975372
2.0256550312
2.62012525089
2.10524535353
3.33614357009
1.8871335197
3.02911032865
3.4123987377
3.3599746769
3.05883645697
2.60924673665
2.77195613997
2.16603313
1.33780381442
0.919510061177
1.35375401743
2.24516273482
2.83486198253
2.39318871735
1.90472025044
2.36641002447
2.28445371195
3.38252687352
3.70112982055
3.11074327445
1.06010380317
1.62769726659
1.68940847403
0.914143925974
1.65500887864
2.82896477255
2.94369561702
1.1754400434
2.28147358988
1.70620139851
2.01287824834
3.25055697904
2.1569602361
2.42180314431
1.78061344447
3.60326239593
2.37787927439
-0.5
3.42094518235
1.66020106273
3.41432310097
2.78049345594
1.32078041341
2.46846531067
1.66421295062
4.45523351198
2.3158194998
2.53652544842
0.78661239137
3.7141749399
1.23468295557
2.235558364
3.33757486626
1.93644638476
2.36130112162
2.01985151542
3.15479420754
2.0722670848
1.52842970947
2.76939533195
2.7889634839
-0.5
2.552170244
-0.5
3.25837107675
2.55776454793
3.30132975237
1.32423187642
2.728502348
1.73329705793
3.21007795931
2.25846935825
2.55679373912
2.79487795626
2.24967150801
3.56415684289
2.4697212322
3.39921097195
2.83635866671
1.38517994824
2.56067033365
2.80861021656
1.83191170487
1.22608656894
1.45249023733
2.13529155917
0.977989168779
1.01174610394
2.60069342886
2.77195613997
3.5079478891
2.06679963303
2.07182150081
2.62718965553
3.0592705497
1.37544420688
1.797924805
1.92620172349
0.442235041597
0.729272332852
3.28425986804
0.848517503884
2.74696188056
2.23554439867
0.983837568351
2.32763872568
1.88959353307
1.77546364077
1.75407390188
2.78314382468
2.09421344586
3.40257886475
2.64348127544
2.5665452267
2.84381893195
2.11553496127
1.62232306729
2.11419675931
2.10275816987
1.74855013876
2.59324124105
2.62524841825
0.668675713187
6.98963958556
3.10816010603
2.24298498497
1.8323766575
0.984097129304
1.82459560972
-0.5
1.71363819373
1.44851736701
2.26512661748
3.38676371017
1.43642569556
1.90576785069
2.6505855615
1.18249926517
1.24082143002
1.25466210776
1.5508559513
2.15417665003
1.57616991574
1.63082350248
4.26594824281
2.072382154
2.91913504
2.16868033887
3.21115914688
2.69384304761
0.5050986655
1.49727490074
2.50650069863
3.06904072871
2.68657108601
1.94473065607
2.88941937471
2.16998838142
1.34395480724
1.01505799719
3.0649326833
1.6106302355
2.93821874829
2.81877888516
4.18287840132
3.66583705827
3.26632351852
1.01579312161
1.30128692458
3.09530978658
2.20187852467
1.507290475
2.79910900693
2.3923615588
1.63912463968
2.5854370509
3.60386686249
3.03953252504
2.7949603573
1.98701201718
2.53471604453
2.78515815822
2.33321888118
3.16549613227
2.27233034527
4.0244771155
3.56850407548
2.78263417792
2.23151099648
2.15535277123
3.06047094386
4.23024141175
3.54344632992
2.12255135542
2.84124296363
1.27926111685
1.46932591056
2.01824599512
2.16134699484
1.68355366803
1.27230975643
3.45084313655
1.26559312679
2.23010011575
2.8137840132
1.67012176547
4.86319765413
2.92471766274
3.00523933515
2.48614654245
2.46425524026
