0.932064184034
0.0455270220124
0.41502469343
0.951866021512
0.367559730269
0.930678382525
0.760149912482
-0.5
0.205544492534
1.25496251116
0.407891123128
0.864536393483
0.75480782937
0.911709832807
0.800536460376
0.12809942291
0.550965634023
1.27764466403
0.724928705801
0.158891593924
0.632679937743
0.0701554226362
0.594858239044
0.0
0.822152106085
0.0247544323932
-0.5
1.20500987077
0.0292830408017
1.18937508258
0.65100617898
0.829714311261
0.872792187474
0.109261129392
-0.5
0.519109530627
1.34012700654
0.515035050505
1.12570150678
0.53187473972
1.143229851
1.09284267681
0.476511031705
1.18697663671
1.00621544152
-0.5
0.695620772229
0.191114830632
0.0953373166202
0.45869955351
1.06856127733
0.850591453946
0.198233154935
0.504632666354
-0.5
0.522079036084
1.14036098193
1.23310111961
0.908106617904
0.114096051799
0.549391628723
0.455629782004
0.529582066583
0.236429839805
1.12870411134
0.957759323925
0.450399214871
0.540210512839
0.221881247315
0.70185891966
1.32865099701
0.665280033728
0.469420544531
0.0
1.04151495396
1.05398275348
-0.5
1.00063863529
0.0406523457666
1.12841171849
0.875893345788
0.461015061478
-0.5
1.16129325863
1.38646193028
0.638502806765
0.0
0.165661212264
1.20472156204
0.0772594232397
0.813501608597
1.15431823946
0.901635197823
1.05161444595
0.654198450409
1.34312530318
0.731614338604
0.789775672782
0.862713633138
0.826994783414
-0.5
-0.5
-0.5
1.17457981644
-0.5
1.17850038751
0.469208809376
0.228505089827
0.890471008275
1.05548082975
-0.5
0.0908440088405
0.750524638499
0.366350987342
1.08416526327
0.788336013132
1.16129325863
0.755394028834
0.207063019863
0.118651427223
0.949003106095
0.587814221567
0.0555737316245
0.626048512071
0.392649802343
-0.5
0.0960787144494
-0.5
0.990636591424
0.836367347822
0.735882667102
0.556951472744
1.44103820024
0.967395792815
0.203012467919
0.52495310564
0.413003767205
0.0631764345138
-0.5
0.840608552578
-0.5
1.18917282401
1.24561260328
0.141342615543
0.727712965629
0.682441933296
0.588268437824
0.60949558577
0.634845608554
0.584887635123
1.10081483782
0.0
1.01534672114
0.923317136498
0.679219074656
0.0490410128611
0.819368998757
-0.5
0.18567975632
0.699524124108
0.658744230818
-0.5
1.45566279794
1.15116572943
0.103257271933
0.851053808214
0.54222430278
0.633029228829
0.644496919765
0.738937822651
0.484123159639
0.34302863208
0.0
0.249110382987
0.572252550099
0.0
0.365040812233
0.503105499921
0.25338808821
0.592979421615
1.05907800437
-0.5
0.804403357497
1.46656403469
0.767696550634
1.07546573318
0.609811476982
-0.5
0.759634491649
0.0721569522143
0.0512872495002
0.972395582454
0.550119515405
0.772734190827
-0.5
0.807624839779
0.674207398158
-0.5
-0.5
1.13495810538
0.230090033643
1.17354227428
0.455511514556
1.27281101706
1.40452194815
1.2928740916
0.770074998443
0.11353696787
1.11316925523
0.914554074953
0.794980240068
0.682428702182
0.0838390711434
1.02082175376
0.0
1.30763795179
0.859746688562
0.864266710977
0.710398707206
0.987102292076
0.758386839892
0.970291819261
0.603313806745
0.435550507494
1.21689237566
1.19581819649
0.862643984956
0.783072999497
0.76505039589
1.01139971029
1.46146305882
0.719667440553
0.796713649537
1.01134410657
0.295251588121
0.340844470223
0.770173095483
0.737335284977
0.666400524004
0.445306486924
1.08226330522
0.180799018112
0.672198839296
1.00464771617
0.266775319908
1.48759966488
1.13210252325
1.07217704788
0.491618310055
0.823465034322
