1.1349617014
0.0910540440247
0.607827164639
1.37132463562
0.516369460539
1.21223395803
0.947383158297
-0.5
0.370179894158
1.88492502233
0.640782246255
1.22907278697
1.14423104336
1.18705602925
1.10107292075
0.256198845821
0.804993008937
1.55528932805
1.0123574116
0.224033187848
0.872178057303
0.140310845272
0.745272033643
0.0
1.10629251626
0.0495088647864
-0.5
1.55287688439
0.0585660816035
1.54541683182
0.80201235796
1.02784967515
1.33538029331
0.218522258785
-0.5
0.763219061254
1.68025401308
0.780070101009
1.49382725599
0.76922333565
1.536459702
1.4773520203
0.86619715801
1.49895327342
1.24727936788
-0.5
0.930715228669
0.382229661264
0.19067463324
0.607875297496
1.26212255465
1.16859743781
0.39646630987
0.759265332708
-0.5
0.814044435805
1.50294418609
1.64212816514
1.27454656914
0.228192103599
0.743520099552
0.661259564007
0.58547992264
0.472859679611
1.42407488935
1.29183443732
0.567465096408
0.830421025679
0.443762494631
0.916875734057
1.65730199401
0.913893400789
0.770420036431
0.0
1.4702470489
1.27463217363
-0.5
1.38285621796
0.0813046915332
1.51066959082
1.19146923126
0.606240649271
-0.5
1.32258651726
1.89792386056
0.921450057975
0.0
0.331322424528
1.61833201298
0.154518846479
1.02245776265
1.47738647893
1.07410372898
1.26989555856
0.919508011928
1.68625060636
0.863228677207
0.912884678897
1.17855226628
1.15398956683
-0.5
-0.5
-0.5
1.51582629955
-0.5
1.51325077503
0.563417618752
0.457010179655
1.03094201655
1.47051027061
-0.5
0.181688017681
1.02736506647
0.706511498493
1.50166385987
1.06277749492
1.32258651726
1.10453805767
0.414126039727
0.237302854447
1.28550621219
0.800628443134
0.111147463249
0.76964088379
0.673935968322
-0.5
0.192157428899
-0.5
1.28484461142
1.27318112422
0.936051048489
0.806008208647
1.88207640047
1.30979158563
0.406024935838
0.824416015202
0.66948579528
0.126352869028
-0.5
1.23677266071
-0.5
1.44652746621
1.49122520657
0.282685231086
0.955425931258
0.878772755481
0.826536875648
0.790419742969
0.769691217108
0.836441936913
1.48287967564
0.0
1.28069344227
1.221634273
0.858438149313
0.0980820257222
1.03299407039
-0.5
0.37135951264
1.01954644749
1.00846068386
-0.5
2.35577004032
1.46899812553
0.206514543865
1.00766317198
0.598337494449
0.863280679881
0.976493839529
0.906447073874
0.652456845593
0.686057264159
0.0
0.465326029132
0.794505100198
0.0
0.463634256044
0.619306237937
0.373442843087
0.741514398785
1.36815600875
-0.5
0.942140048326
1.93312806937
0.998854639731
1.37315368858
0.869622953964
-0.5
1.0817689833
0.144313904429
0.102574499
1.22110695438
1.10023903081
1.08713504832
-0.5
1.11524967956
0.890081462983
-0.5
-0.5
1.40741621077
0.460180067287
1.47208454857
0.71954433237
1.77289476139
1.84580860219
1.62146246891
1.04124648811
0.22707393574
1.44508851045
1.12077481657
0.92329381347
0.989857404363
0.167678142287
1.37497684085
0.0
1.69860923691
1.22178170664
1.18686675529
0.915895453628
1.24503791748
1.09572104821
1.35725030519
0.980929916686
0.671101014988
1.69003475133
1.59203321837
1.16278796991
1.02447933233
0.996767458447
1.27875180153
1.92292611764
1.17651436829
1.03787174352
1.3153018495
0.465503176242
0.528911162668
1.03299324979
0.974670569954
0.832801048007
0.590612973847
1.47702661044
0.361598036224
0.927731011925
1.31286686091
0.501143232409
2.04662790118
1.43087171316
1.39435409576
0.701986620111
1.09137451309
