0.932064184034
0.458549472642
0.51502469343
0.340222722542
0.232512983944
0.90615844187
0.760149912482
0.109732911743
0.254453642425
1.36746251116
0.268458689753
0.609144467119
1.13731943615
0.897455999869
0.671001248052
0.635921849347
0.716325863414
1.27764466403
0.724928705801
0.204920657659
0.693072042329
0.0701554226362
0.740107685638
1.108930006
1.01788781731
0.441253932425
0.946433155547
1.20500987077
0.606646962676
1.29831216752
0.814411806399
1.07593628711
0.79289422829
0.109261129392
0.0915107107674
0.644774481065
1.08340487523
0.515035050505
1.13076421101
0.460289128299
0.609040601871
1.13034267681
0.755666446843
1.18697663671
1.13915046754
1.03885087714
0.875157629622
0.191114830632
0.131358580168
0.45869955351
0.82855492036
1.0792953302
0.605575931423
0.27210289292
0.770097948106
0.553825868714
1.34036098193
1.27470040287
0.920097465266
0.151443400453
0.492218766602
0.455629782004
0.677106235732
0.236429839805
0.912812090802
0.655390391038
0.518335832779
0.540210512839
0.527381180868
0.764614246568
1.17865099701
0.665280033728
0.472859997782
0.897230492068
0.910374445279
1.05398275348
-0.5
1.22543548446
0.51108584638
1.10550416396
0.909327737776
0.426250536982
0.977637901524
0.695551546769
1.38646193028
0.509402785686
1.0052179212
0.112373198767
1.12033265083
0.377833179266
0.858775358564
1.10993058955
0.901635197823
1.05161444595
0.592085420848
1.07925631536
0.734302585213
0.789775672782
0.843114933172
0.826994783414
-0.5
0.713476741031
-0.5
1.28351690139
0.5105267141
1.17850038751
0.516300764827
0.389786049714
0.890471008275
0.984828141603
0.97174496379
0.795228924819
0.875819457609
0.396273532527
1.00916526327
0.876948503452
1.34274442456
0.713695423432
0.197882849748
0.750262886673
1.02980145951
0.561701672124
0.603726652705
0.520710996904
0.692029037517
0.461141309826
0.144535157706
1.11745002113
1.03885087714
0.988460996573
0.74715561559
0.618540310703
1.08959852222
1.07989579281
0.196492029554
0.346274940506
0.397531930117
0.0631764345138
0.104181761836
1.04060855258
0.121216786269
1.23015643415
0.881863485524
0.159444115429
0.868234103668
0.769941933296
0.482209091538
0.786595704525
0.622591974954
0.584887635123
1.12893983782
0.514325601431
0.892701257367
1.15625984742
1.00900893556
0.625281244134
0.858600991052
0.621822595696
0.635507162681
0.601570968258
0.684557780083
0.0955251018838
1.85566279794
1.30116572943
0.606140712138
0.976053808214
0.633005206902
0.617799372818
-0.5
0.647872413871
0.347299434586
0.752160945355
1.19810910145
0.275051572771
0.572252550099
0.67345554306
0.436645751496
0.508539230072
0.353633091015
0.792979421615
0.736310950005
0.796595702249
0.804403357497
1.46656403469
0.520907757011
1.24809045647
0.609811476982
1.03483848193
0.76383930984
0.0721569522143
0.247807546431
1.09790623627
0.795577246959
0.855029441475
0.277818665152
1.1359884821
0.809998340202
0.389199871182
0.145008285313
1.16474536935
0.230090033643
1.0938107592
0.630565012546
1.0015057719
0.985213565203
1.29863158073
0.376979897427
0.27807027079
1.08504425523
1.06455407495
0.622266623636
0.736803207321
0.657027257593
0.448446377097
1.07341899235
1.15884155167
0.882473872527
0.849546852356
0.84129720152
0.987102292076
0.766685045231
0.690459840168
0.890072437587
0.565690049325
1.1230838332
1.18200543955
1.25466202542
0.783072999497
0.76505039589
1.06221013484
1.46146305882
0.967759409462
0.803221622204
1.02980130498
0.182751588121
0.34108832723
0.597002907403
0.737335284977
0.722650524004
0.310799530824
1.08226330522
0.180799018112
0.74632356134
0.884112001886
0.361669673717
1.55188537916
1.13210252325
1.07217704788
0.553510786576
0.923465034322
