2.36847103104
3.75661292505
1.80646629315
2.29571197606
2.11123913328
2.61314727444
2.61314727444
0.867005991402
1.27835107808
5.0537274347
3.27210240411
3.49949684922
3.26361788612
2.20388535186
2.19889831062
4.12422414814
2.42011567597
2.96998034711
4.15844324402
0.544070763638
2.00716231458
0.433932342452
1.76084083198
2.49779018714
3.21931120352
2.44541573794
2.52465973968
3.75942689581
3.63003264277
3.58728453263
1.76084083198
1.75904575342
3.46876493398
0.569866030729
0.556227121676
3.5792942562
3.25219528115
3.54422695374
3.63003264277
2.2559300995
3.33572829018
5.43322338495
3.59303235205
4.71880173555
3.83437253661
2.87229061226
2.24376623186
1.28115477655
1.30646629315
1.80646629315
2.52465973968
3.20519100118
3.56912295714
2.00716231458
2.71054193843
3.51174984331
3.49598882599
3.63003264277
3.74148200225
1.30646629315
2.02671049583
3.21204536116
1.04742205558
1.67366246374
3.2358377693
2.9874291667
1.71528475749
2.40377654042
2.37816811672
2.64055966818
3.47363892226
3.25219528115
3.50503264277
1.80646629315
3.81195522292
2.69889831062
-0.5
3.66284443914
2.55304243868
3.47143420235
2.45272989254
1.58362851739
3.33704536116
1.66253827945
4.28344324402
3.61947982626
2.69889831062
1.04459255294
5.12247919658
2.14965973968
2.95136776802
3.75761218411
1.80646629315
2.64965973968
3.08476386474
2.95136776802
2.35179368778
1.80646629315
3.63003264277
3.54422695374
-0.5
2.85859831181
-0.5
3.65789931685
2.97850434656
3.63003264277
1.16039934399
3.3200481675
1.80646629315
3.70645241114
2.60403427851
3.33704536116
3.13383923483
2.91476596621
4.57592449438
2.64965973968
3.62097795249
2.69017975963
2.44541573794
3.10616234846
3.18231529411
3.25219528115
1.80646629315
2.40824281641
2.88667141749
1.80646629315
0.908424163772
2.40609162608
2.87229061226
3.81610636796
3.25219528115
2.54426916233
3.20519100118
4.1594794873
1.7151431604
2.56186540147
3.51478339491
0.600172850097
0.559652830145
4.28344324402
0.764862307018
2.67625383704
2.52465973968
0.910787989948
2.44889831062
2.61314727444
2.96998034711
1.75709805105
3.59303235205
3.63003264277
5.0537274347
2.83704536116
2.53377791842
3.25219528115
2.19028587811
2.60403427851
2.60836787157
3.33704536116
2.64965973968
3.85901569102
3.97435157506
0.65918788298
5.95196073766
3.20519100118
3.84008688718
1.80646629315
1.76084083198
2.49347103104
-0.5
1.88419717618
1.47022940566
1.80646629315
3.62097795249
1.77130861269
2.00614881818
2.75457005526
1.16039934399
1.80646629315
1.03502574274
1.80646629315
2.96998034711
1.80646629315
1.80646629315
3.96876493398
2.28161590868
3.47342795018
3.84008688718
2.48571892523
3.05759912313
0.569866030729
2.14965973968
2.35871180084
3.30247726444
2.92645874411
2.44541573794
3.25219528115
3.33704536116
1.61323169115
0.900477650645
2.96998034711
1.9357001999
3.55509491856
3.39214283096
3.81136388752
3.4619642671
3.4143861187
0.946968651643
1.53228803298
2.95136776802
1.83907445639
1.66253827945
3.88425722276
3.73999591741
3.54422695374
2.69596664897
4.19830527121
3.56475417004
3.45984192007
2.41383673893
2.96998034711
3.3228624721
3.54422695374
3.63003264277
3.69110636796
5.26856957232
3.54723543691
2.74015396102
2.55886892133
2.49347103104
3.33704536116
3.30731529411
4.06037491856
1.83777215676
3.65789931685
1.10951877209
2.54625142104
2.96998034711
2.96998034711
1.68146629315
1.53228803298
3.63003264277
0.930322538285
2.52660063435
2.74729061226
2.73246315361
3.75942689581
3.54422695374
3.20519100118
3.65789931685
3.55509491856
