1.44111262367
0.570260653904
1.1213726699
1.98449391538
0.852454053657
1.71484216512
1.28666080902
-0.5
0.743798623561
2.66072086683
1.04638074579
1.73896284781
1.53365425734
1.66126586206
1.50369271446
0.487110768731
1.11601703303
1.83293399208
1.48573614804
0.553862792602
1.190813706
0.616646263915
0.998890956448
0.0
1.46027941767
0.568380944238
-0.5
1.98836260883
0.360308003984
1.90145858107
1.05893958957
1.22598503905
1.8887987372
0.792290604897
-0.5
1.20714670344
2.02038101961
1.36770224865
1.95945852855
1.22652856808
2.10468955299
2.00280922722
1.34062674837
1.82842991013
1.52860740372
-0.5
1.29731553306
1.1264694919
0.524180931853
0.980590063145
1.54318383198
1.53526127423
0.727819122925
1.42213164055
-0.5
1.45604426882
1.86552739024
2.14097002548
1.8311547175
0.648435013256
1.30952357038
1.01076469302
0.723730719873
1.09788601064
1.7652621316
1.66626284505
0.911523731568
1.23015502966
0.927125270286
1.21266177922
1.98595299102
1.57084010118
1.27194584412
0.0
2.05436040535
1.59650708398
-0.5
1.80542709495
0.443654405206
1.904013436
1.6237117834
0.914106523443
-0.5
1.48387977589
2.48357042693
1.2764723631
0.0
0.768011901899
2.1254485939
0.583573141514
1.32885913815
1.87720496675
1.33268337125
1.57910804372
1.34180286757
2.02937590953
1.12285994986
1.11377146279
1.65423862441
1.77262165526
-0.5
-0.5
-0.5
1.85707278266
-0.5
2.01579628289
0.938206272121
1.05595697161
1.19200126012
1.96155533648
-0.5
0.552532026522
1.33602367626
1.25812464581
2.11286201436
1.55585088483
1.48387977589
1.4599320865
1.04328786085
0.70595428167
1.75300196534
1.25331534989
0.482037331424
1.05287630515
1.00454031612
-0.5
0.957125032237
-0.5
1.74155263142
1.97488460649
1.40457779443
1.22846677541
2.32311460071
1.78792976751
1.14445653198
1.32826005221
1.26205985645
0.306597583406
-0.5
1.75857779449
-0.5
1.7038821084
1.73683780985
0.582259981309
1.19685595777
1.33552024433
1.27916260581
1.07634390017
1.10141182566
1.32811886764
2.0014809718
0.0
1.54604016341
1.63437448642
1.19321277952
0.355301046414
1.38058759681
-0.5
0.790372602294
1.43963411587
1.52524980821
-0.5
3.2558772827
1.78683052163
0.585403738742
1.23488657084
0.859869201973
1.16334694575
1.45225459272
1.0739563251
1.01162386488
1.72908589624
0.0
0.749801909195
1.22839497794
0.0
0.961781037745
1.04904864262
0.531567773403
1.04560493151
1.81643855858
-0.5
1.2905248873
2.39969210406
1.37221012702
1.67084164397
1.42570195022
-0.5
1.58933885139
0.3172284324
0.298655157654
1.46981832631
2.35035854622
1.43760492938
-0.5
1.5368547825
1.29133733765
-0.5
-0.5
1.7588680954
1.07222132985
1.84298259208
1.14633550094
2.27297850572
2.28709525623
1.95005084622
1.44059780235
0.560854568327
1.79679943234
1.36588444708
1.16562253839
1.71548463596
0.46151721343
1.96246526128
0.0
2.09606200352
1.67650447176
1.67231402182
1.25757076235
1.61177971752
1.58042367757
1.91916314408
1.63930804235
1.11273858559
2.2635624952
2.03824824026
1.5571627241
1.3915266908
1.54303580306
1.56554833721
2.38438917647
1.72673399057
1.38883375907
1.76626140207
0.723254764363
0.916319960377
1.38825394908
1.46463400909
1.06920157201
0.910463903238
1.96901213789
0.693322980263
1.27651502528
1.78358600566
0.924303251483
2.60565613749
1.83010386604
1.89153114363
1.02339294186
1.5537284363
