1.43738841242
0.640249082604
1.05591985059
2.13603475487
1.44183285686
1.74250079649
1.64525890978
-0.5
0.811340431232
2.48815764055
1.71217226102
2.14095315251
1.72215047468
1.50607099579
1.32258651726
0.396405264048
1.02954957276
1.78799213884
2.14004396427
0.532153020478
1.32258651726
0.728327998451
1.05591985059
0.0
1.61195585519
0.624644037075
-0.5
2.10377075832
0.418003687973
2.03491381305
1.05591985059
1.02784967515
1.93481814446
1.00909810528
-0.5
1.70760417118
1.90087811246
2.01769078149
2.05201305711
1.46405507908
2.05201305711
2.68440046509
1.19499575952
2.48752069422
1.77239839124
-0.5
1.28804844414
1.25531905348
0.616405264048
1.32258651726
1.65986389587
1.88207640047
0.840971544341
1.48605726416
-0.5
1.96679609038
1.9983955304
2.05201305711
2.0965928009
0.739626410669
1.61068419833
1.82370703335
0.754205325722
1.27898879502
1.9519063132
1.6368618658
1.05591985059
1.32258651726
0.937416458906
1.39798289382
1.9894555689
1.90087811246
1.757276215
0.0
2.19758782392
1.67955932425
-0.5
1.78936914944
0.633469480642
1.87607190385
1.45433953583
1.02784967515
-0.5
1.32258651726
2.31337729761
1.71445859717
0.0
0.693998011887
2.64899167863
0.717701651244
1.78054710721
2.02304487364
1.32258651726
1.65986389587
1.63421144579
1.78054710721
1.32258651726
1.32258651726
2.05201305711
2.01769078149
-0.5
-0.5
-0.5
2.06315972674
-0.5
2.05201305711
0.944159737596
1.07938367882
1.32258651726
1.93641842687
-0.5
0.501688017681
1.50977635226
1.20754477913
2.43036979775
1.65986389587
1.32258651726
1.29622753223
1.48342945307
0.885076376131
1.82292611764
1.90087811246
0.550103950677
1.47617914748
1.16260650511
-0.5
1.01907679255
-0.5
1.69177338776
2.09310921385
1.90087811246
1.34525890978
1.88207640047
2.26379179492
1.48605726416
1.51600109946
1.81968146587
0.340069140039
-0.5
2.04671063094
-0.5
1.57046841516
1.65986389587
0.564315195979
1.32258651726
1.64525890978
1.78799213884
0.979729374402
1.43639458765
2.05201305711
2.52149097388
0.0
1.45986389587
1.90087811246
1.31364547757
0.494661083391
1.44538016784
-0.5
0.638026179307
2.02766301189
1.96349384772
-0.5
2.44186689668
1.88207640047
0.756366939116
1.32258651726
1.05591985059
1.44183285686
2.02492364376
1.11677277083
1.02784967515
1.48605726416
0.0
0.760682545271
1.32258651726
0.0
1.22205447444
1.32258651726
0.532021640896
1.05591985059
1.78799213884
-0.5
1.32258651726
2.18750597359
1.32258651726
1.74095469788
2.13603475487
-0.5
1.64854118828
0.327946412292
0.333771139811
1.41436423361
2.12099090577
1.32258651726
-0.5
1.90087811246
1.80148481113
-0.5
-0.5
1.78799213884
1.33119375452
2.02203796742
1.66486137226
2.24779193051
2.08478570684
1.92033842056
2.13603475487
0.583120268414
1.78054710721
1.27451867144
1.32258651726
2.26379179492
0.407678142287
2.01769078149
0.0
2.13559951983
1.88454100613
1.65932631388
1.32258651726
1.78799213884
1.757276215
2.3272298301
2.05201305711
1.94997195895
2.70742782893
2.03491381305
1.55760004595
1.62354756853
1.59738841242
1.59738841242
1.92292611764
1.94835705469
1.32258651726
2.06315972674
0.643807508838
1.43741496787
1.78799213884
1.78799213884
1.05591985059
1.24258651726
2.05201305711
0.549906793092
1.32258651726
1.69177338776
1.06125491725
2.04662790118
2.01769078149
1.88207640047
1.44183285686
2.02203796742
