2.71216523725
0.619025529341
1.83442621844
4.40810426462
2.71438745947
3.33276554738
2.93577672933
-0.5
1.6840212937
5.79780625497
4.05959370614
4.42285945753
3.45633458525
2.83639480554
2.75534463941
0.939215792145
2.74657412619
3.36397641653
4.85346522616
0.797269943104
2.47013323903
0.661895281531
1.83442621844
0.0
3.57270967085
0.462167405342
-0.5
4.31131227497
0.41190580076
4.10474143916
1.83442621844
1.82039113072
4.21966077792
1.02729431583
-0.5
4.01170140244
3.70263433738
4.05307234448
4.15603917132
2.72549857058
4.15603917132
6.27542361749
3.34969316091
5.46256208266
4.2262860828
-0.5
2.54835585872
1.90881430328
1.21529528351
1.96775955178
2.97959168761
3.64622920142
2.18958129969
2.73212418926
-0.5
4.14129736204
3.99518659119
4.15603917132
4.2897784027
1.1077681209
2.832052595
3.74889887783
0.999458082428
2.31315686125
3.85571893959
3.64742770266
1.83442621844
2.88453184851
2.50455706903
2.93079078672
3.96836670671
3.70263433738
4.00867075027
0.0
4.88223715598
3.03867797274
-0.5
4.10494955359
0.438698335381
3.90746347394
2.83054016016
1.82039113072
-0.5
1.96775955178
4.94013189282
4.47670912485
0.0
1.39159155888
5.94697503589
0.953104953731
3.34164132163
4.26913462093
2.03689351657
2.97959168761
3.56930100405
3.34164132163
1.96775955178
1.96775955178
4.15603917132
4.05307234448
-0.5
-0.5
-0.5
4.18947918022
-0.5
4.15603917132
1.63247921279
2.29697456586
1.96775955178
4.4467552806
-0.5
0.705064053043
3.26617116204
3.3700780919
5.29110939326
3.18713046447
1.96775955178
3.27821571156
3.18713046447
1.15522912839
3.71877835293
3.70263433738
0.496591165477
2.79695849507
3.12418315171
-0.5
1.05723037764
-0.5
3.21817730614
4.36266097488
3.70263433738
2.85240346293
3.64622920142
4.79137538476
2.45817179248
3.05903271013
4.06774004979
0.770207420116
-0.5
4.80679855949
-0.5
2.98413251819
2.97959168761
1.19294558794
2.85201130607
2.93577672933
3.36397641653
1.79633098035
2.30918376295
4.15603917132
5.81447292164
0.0
2.87959168761
3.70263433738
2.35760309937
0.47924663115
3.02709866817
-0.5
1.24741187125
4.79727474997
4.76519016788
-0.5
6.58679732963
3.64622920142
1.2164692384
1.96775955178
1.83442621844
2.71438745947
4.35254870907
2.20746116965
1.82039113072
2.45817179248
0.0
2.02941605687
2.50559286753
0.0
1.77142658121
1.96775955178
1.15162047824
1.83442621844
3.36397641653
-0.5
1.96775955178
4.56251792078
2.8327956198
3.88953076029
4.40810426462
-0.5
3.58807936332
0.733839236875
0.467980086099
2.61151375346
4.36297271732
3.38795687978
-0.5
3.70263433738
3.73778776672
-0.5
-0.5
3.36397641653
2.60129707716
4.06611390227
4.15247885363
4.74337579152
4.25435712052
3.90387240455
4.40810426462
0.949360805243
3.34164132163
2.10133379211
1.96775955178
4.79137538476
0.623034426861
4.05307234448
0.0
4.85124300393
4.26231867056
4.08909005275
2.67695319992
3.36397641653
4.00867075027
4.98168949029
4.15603917132
4.29109234743
6.12228348679
4.25072446766
3.018953984
2.8706427056
2.79216523725
2.79216523725
3.76877835293
4.75762177137
2.39356188223
4.18947918022
1.43142252651
2.95886144496
3.36397641653
3.36397641653
1.83442621844
1.92775955178
4.15603917132
1.20527593483
2.74630304512
3.21817730614
2.96154252954
4.2827408464
4.05307234448
3.64622920142
2.71438745947
4.06611390227
