3.03085944346
0.629603858305
2.02905281041
4.97612164206
3.03252611013
3.7303317351
3.25840618422
-0.5
1.90219150931
6.62521840858
4.64644906742
4.99333603378
4.00674932382
3.16897575798
3.16595763486
1.07491842417
3.17583026455
3.75797248595
5.53182054163
0.869987839147
2.85618108656
0.713387632374
2.02905281041
0.0
4.06289812476
0.421548247409
-0.5
4.86319765413
0.410381328957
4.62219834568
2.02905281041
2.01852649462
4.89912805043
1.03184336847
-0.5
4.58772571026
4.15307339361
4.56191773523
4.68204569988
3.04085944346
4.68204569988
7.17317940559
3.88836751126
6.20632242977
4.83975800569
-0.5
2.86343271237
2.07218811574
1.36656244615
2.12905281041
3.30952363555
4.08726740165
2.52673373853
3.05267429923
-0.5
4.68492267995
4.49438435639
4.68204569988
4.83807480315
1.19980354845
3.13739469417
4.23019683895
1.0607712716
2.57169887781
4.33167209619
4.15006916187
2.02905281041
3.36528715659
2.89634222156
3.31399275995
4.46309449116
4.15307339361
4.57151938409
0.0
5.553399489
3.37845763486
-0.5
4.68384465462
0.464195676992
4.44935595338
3.23880479002
2.01852649462
-0.5
2.12905281041
5.59682054163
5.16727175677
0.0
1.56598994563
6.77147087521
1.01195577935
3.73191487523
4.83065705775
2.23550275346
3.30952363555
4.05307339361
3.73191487523
2.12905281041
2.12905281041
4.68204569988
4.56191773523
-0.5
-0.5
-0.5
4.72105904359
-0.5
4.68204569988
1.80455908158
2.603049528
2.12905281041
5.07433949404
-0.5
0.755908061884
3.70526986448
3.91092444055
6.00629429213
3.61305571732
2.12905281041
3.80375166348
3.61305571732
1.22276731646
4.19274141175
4.15307339361
0.534911915279
3.12715333197
3.61457731336
-0.5
1.06676877391
-0.5
3.59977828573
4.93004891514
4.15307339361
3.23875175251
4.08726740165
5.42327128222
2.70120042456
3.4447906128
4.62975469577
0.877741990135
-0.5
5.49682054163
-0.5
3.33754854395
3.30952363555
1.35010318593
3.23845763486
3.25840618422
3.75797248595
2.00048138184
2.52738105677
4.68204569988
6.63771840858
0.0
3.23452363555
4.15307339361
2.61859250482
0.530329242503
3.42252829326
-0.5
1.39975829424
5.48967768448
5.46561424792
-0.5
7.66607836605
4.08726740165
1.33149481322
2.12905281041
2.02905281041
3.03252611013
4.93445497539
2.48013326935
2.01852649462
2.70120042456
0.0
2.34659943476
2.88226905974
0.0
1.9087696079
2.12905281041
1.30652018758
2.02905281041
3.75797248595
-0.5
2.12905281041
5.15627090757
3.22404587016
4.4266747759
4.97612164206
-0.5
4.0908544953
0.835312443021
0.501532322671
2.91080113342
4.92346817021
3.92433353146
-0.5
4.15307339361
4.22186350562
-0.5
-0.5
3.75797248595
2.91882290782
4.57713288599
4.77438322397
5.36727175677
4.79674997394
4.39975590054
4.97612164206
1.04092093945
3.73191487523
2.30803757227
2.12905281041
5.42327128222
0.676873498004
4.56191773523
0.0
5.53015387496
4.85676308667
4.69653098747
3.06428853716
3.75797248595
4.57151938409
5.64530440533
4.68204569988
4.87637244455
6.97599740125
4.84806743449
3.38429246851
3.18241648986
3.09085944346
3.09085944346
4.23024141175
5.45993795053
2.71405749006
4.72105904359
1.62832628093
3.33922306423
3.75797248595
3.75797248595
2.02905281041
2.09905281041
4.68204569988
1.36911822027
3.11630092106
3.59977828573
3.43661443261
4.8417690827
4.56191773523
4.08726740165
3.03252611013
4.57713288599
