2.69216523725
0.396803307119
1.83442621844
4.40810426462
2.69216523725
2.95381817896
2.93577672933
-0.5
1.5340212937
5.79780625497
4.04420909076
4.42285945753
3.45633458525
2.60912207827
2.63867797274
0.889215792145
2.74226177188
3.36397641653
4.84013189282
0.652884916366
2.40859477749
0.520718810943
1.83442621844
0.0
3.57270967085
0.179814464165
-0.5
4.31131227497
0.243484748129
4.10474143916
1.83442621844
1.82039113072
4.21966077792
0.683839236875
-0.5
4.01170140244
3.70263433738
4.05307234448
4.15603917132
2.72549857058
4.15603917132
6.27542361749
3.34969316091
5.46256208266
4.2262860828
-0.5
2.4746716482
1.53738573185
1.09221836043
1.96775955178
2.97959168761
3.64622920142
2.12291463302
2.40859477749
-0.5
4.03493372568
3.99518659119
4.15603917132
4.2897784027
0.885545898674
2.432052595
3.70445443339
0.999458082428
2.00839495649
3.85571893959
3.64742770266
1.83442621844
2.88453184851
2.44301860749
2.93079078672
3.96836670671
3.70263433738
4.00867075027
0.0
4.6664476823
3.03867797274
-0.5
4.10494955359
0.324412621095
3.87578926579
2.83054016016
1.82039113072
-0.5
1.96775955178
4.94013189282
4.47670912485
0.0
1.25351106352
5.94697503589
0.713104953731
3.34164132163
4.26913462093
1.99879827848
2.97959168761
3.56930100405
3.34164132163
1.96775955178
1.96775955178
4.15603917132
4.05307234448
-0.5
-0.5
-0.5
4.18947918022
-0.5
4.15603917132
1.39247921279
2.12291463302
1.96775955178
4.3192552806
-0.5
0.545064053043
3.26617116204
3.35596767072
5.29110939326
2.97959168761
1.96775955178
3.27821571156
2.93449888553
0.855229128394
3.66877835293
3.70263433738
0.38992449881
2.79695849507
3.10600133353
-0.5
0.657230377636
-0.5
3.21817730614
4.36266097488
3.70263433738
2.80534463941
3.64622920142
4.79137538476
2.05817179248
3.03182682778
4.06774004979
0.720207420116
-0.5
4.80679855949
-0.5
2.98413251819
2.97959168761
1.09294558794
2.83867797274
2.93577672933
3.36397641653
1.79633098035
2.30918376295
4.15603917132
5.81447292164
0.0
2.87959168761
3.70263433738
2.3409364327
0.415007482585
2.94929839827
-0.5
1.11407853792
4.79727474997
4.65485050754
-0.5
6.58679732963
3.64622920142
1.00594292261
1.96775955178
1.83442621844
2.69216523725
4.30810426462
2.20746116965
1.82039113072
2.05817179248
0.0
2.01046868844
2.40737858182
0.0
1.39247921279
1.96775955178
1.15162047824
1.83442621844
3.36397641653
-0.5
1.96775955178
4.56251792078
2.81098566505
3.88953076029
4.40810426462
-0.5
3.55950793475
0.683839236875
0.404362005039
2.61151375346
3.96297271732
3.3600780919
-0.5
3.70263433738
3.73778776672
-0.5
-0.5
3.36397641653
2.32284023988
4.06611390227
4.15247885363
4.74337579152
4.25435712052
3.90387240455
4.40810426462
0.789360805243
3.34164132163
2.05688934766
1.96775955178
4.79137538476
0.503034426861
4.05307234448
0.0
4.84013189282
4.26231867056
4.08909005275
2.67695319992
3.36397641653
4.00867075027
4.98168949029
4.15603917132
4.27932764155
6.12228348679
4.25072446766
2.98818475323
2.8706427056
2.79216523725
2.79216523725
3.76877835293
4.73090112359
2.20532658812
4.18947918022
1.33142252651
2.93262919767
3.36397641653
3.36397641653
1.83442621844
1.92775955178
4.15603917132
1.11638704594
2.74630304512
3.21817730614
2.96154252954
4.2827408464
4.05307234448
3.64622920142
2.69216523725
4.06611390227
