3.66324785588
0.595204960678
2.41830599433
6.11215639693
3.66324785588
4.43072726844
3.903665094
-0.5
2.30103194055
8.28004271579
5.81631363613
6.1342891863
5.10757880095
3.77731948104
3.95801695911
1.33382368822
4.03326445269
4.54596462479
6.88519783923
0.979327374549
3.61289216624
0.781078216414
2.41830599433
0.0
5.04327503259
0.269721696248
-0.5
5.96696841246
0.365227122193
5.65711215873
2.41830599433
2.4147972224
6.25806259545
1.02575885531
-0.5
5.73977432589
5.05395150607
5.57960851672
5.73405875699
3.67158118921
5.73405875699
8.9686909818
4.96571621196
7.69384312398
6.06670185148
-0.5
3.47516536703
2.30607859778
1.63832754065
2.45163932767
3.96938753142
4.96934380212
3.18437194953
3.61289216624
-0.5
5.7455824067
5.49277988678
5.73405875699
5.93466760404
1.32831884801
3.6480788925
5.18168165008
1.18339764996
3.01259243473
5.28357840938
5.1553520803
2.41830599433
4.32679777276
3.66452791123
4.0803967064
5.45255006006
5.05395150607
5.69721665172
0.0
6.8417767866
4.05801695911
-0.5
5.8416348567
0.486618931643
5.52522236023
4.05533404976
2.4147972224
-0.5
2.45163932767
6.91019783923
6.54839702061
0.0
1.88026659529
8.42046255384
1.0696574306
4.51246198244
5.95370193139
2.62319741771
3.96938753142
5.02061817274
4.51246198244
2.45163932767
2.45163932767
5.73405875699
5.57960851672
-0.5
-0.5
-0.5
5.78421877033
-0.5
5.73405875699
2.08871881918
3.18437194953
2.45163932767
6.2976329209
-0.5
0.817596079565
4.58346726937
4.98011713785
7.43666408988
4.40174832829
2.45163932767
4.85482356733
4.40174832829
1.28284369259
5.1281675294
5.05395150607
0.584886748215
3.78754300577
4.59082018211
-0.5
0.985845566454
-0.5
4.36298024492
6.06482479566
5.05395150607
3.99968362577
4.96934380212
6.68706307714
3.08725768872
4.20950494755
5.75378398772
1.08031113017
-0.5
6.8768645059
-0.5
4.04438059547
3.96938753142
1.63941838191
4.00801695911
3.903665094
4.54596462479
2.40878218481
2.96377564442
5.73405875699
8.28420938246
0.0
3.94438753142
5.05395150607
3.13640464905
0.622511223877
4.19393747595
-0.5
1.67111780688
6.87448355352
6.83887749291
-0.5
9.8246404389
4.96934380212
1.50891438392
2.45163932767
2.41830599433
3.66324785588
6.08715639693
3.02547746876
2.4147972224
3.08725768872
0.0
2.97622934846
3.61106787272
0.0
2.08871881918
2.45163932767
1.61631960625
2.41830599433
4.54596462479
-0.5
2.45163932767
6.34377688116
4.00109388218
5.50096280711
6.11215639693
-0.5
5.08926190212
1.02575885531
0.606543007558
3.50937589335
5.94445907598
4.99011713785
-0.5
5.05395150607
5.19001498342
-0.5
-0.5
4.54596462479
3.48426035982
5.59917085341
6.01819196465
6.61506368728
5.88153568078
5.39152289254
6.11215639693
1.18404120786
4.51246198244
2.7103340215
2.45163932767
6.68706307714
0.754551640291
5.57960851672
0.0
6.88519783923
6.04565191888
5.9114128569
3.83895921164
4.54596462479
5.69721665172
6.97253423543
5.98661301728
6.04399146232
8.68342523018
6.04275336816
4.10727712984
3.8059640584
3.68824785588
3.68824785588
5.1531675294
6.85789014693
3.30798988218
5.78421877033
1.99713378977
4.09338824095
4.54596462479
4.54596462479
2.41830599433
2.44163932767
5.73405875699
1.67458056891
3.85629667294
4.36298024492
4.38675823876
5.95982555531
5.57960851672
4.96934380212
3.66324785588
5.59917085341
