3.34955364967
0.640182187269
2.22367940237
5.54413901949
3.35066476078
4.12789792282
3.58103563911
-0.5
2.12036172493
7.45263056219
5.2333044287
5.56381261004
4.55716406238
3.50155671042
3.57657063032
1.21062105619
3.60508640291
4.15196855537
6.2101758571
0.94270573519
3.24222893409
0.764879983218
2.22367940237
0.0
4.55308657867
0.380929089476
-0.5
5.41508303329
0.408856857154
5.13965525221
2.22367940237
2.21666185851
5.57859532294
1.03639242111
-0.5
5.16375001807
4.60351244984
5.07076312598
5.20805222843
3.35622031633
5.20805222843
8.0709351937
4.42704186161
6.95008277687
5.45322992858
-0.5
3.17850956602
2.23556192819
1.51782960878
2.29034606904
3.63945558348
4.52830560189
2.86388617736
3.3732244092
-0.5
5.22854799787
4.99358212159
5.20805222843
5.38637120359
1.29183897601
3.44273679333
4.71149480007
1.12208446078
2.83024089436
4.80762525278
4.65271062109
2.22367940237
3.84604246468
3.28812737409
3.69719473317
4.95782227561
4.60351244984
5.13436801791
0.0
6.22456182201
3.71823729698
-0.5
5.26273975566
0.489693018603
4.99124843282
3.64706941989
2.21666185851
-0.5
2.29034606904
6.25350919043
5.85783438869
0.0
1.74038833238
7.59596671452
1.07080660497
4.12218842884
5.39217949457
2.43411199035
3.63945558348
4.53684578318
4.12218842884
2.29034606904
2.29034606904
5.20805222843
5.07076312598
-0.5
-0.5
-0.5
5.25263890696
-0.5
5.20805222843
1.97663895038
2.91476337035
2.29034606904
5.70192370747
-0.5
0.806752070724
4.14436856693
4.4517707892
6.72147919101
4.03898097017
2.29034606904
4.32928761541
4.03898097017
1.29030550452
4.66670447058
4.60351244984
0.57323266508
3.45734816887
4.10497147501
-0.5
1.07630717018
-0.5
3.98137926533
5.4974368554
4.60351244984
3.62510004208
4.52830560189
6.05516717968
2.94422905664
3.83054851547
5.19176934174
0.985276560155
-0.5
6.18684252376
-0.5
3.69096456971
3.63945558348
1.50726078392
3.62490396365
3.58103563911
4.15196855537
2.20463178332
2.74557835059
5.20805222843
7.46096389552
0.0
3.58945558348
4.60351244984
2.87958191027
0.584112540882
3.81795791834
-0.5
1.55210471723
6.182080619
6.16603832796
-0.5
8.74535940248
4.52830560189
1.44652038804
2.29034606904
2.22367940237
3.35066476078
5.51636124172
2.75280536905
2.21666185851
2.94422905664
0.0
2.66378281266
3.25894525195
0.0
2.04611263459
2.29034606904
1.46141989692
2.22367940237
4.15196855537
-0.5
2.29034606904
5.75002389437
3.61529612051
4.9638187915
5.54413901949
-0.5
4.59362962728
0.936785649167
0.539149340052
3.21008851339
5.4839636231
4.46071018314
-0.5
4.60351244984
4.70593924452
-0.5
-0.5
4.15196855537
3.23634873848
5.0881518697
5.39628759431
5.99116772202
5.33914282736
4.89563939654
5.54413901949
1.13248107366
4.12218842884
2.51474135244
2.29034606904
6.05516717968
0.730712569147
5.07076312598
0.0
6.20906474599
5.45120750278
5.30397192218
3.4516238744
4.15196855537
5.13436801791
6.30891932038
5.33312969957
5.46165254167
7.82971131572
5.44541040133
3.74963095302
3.49419027413
3.38955364967
3.38955364967
4.69170447058
6.1622541297
3.03455309788
5.25263890696
1.82523003535
3.7195846835
4.15196855537
4.15196855537
2.22367940237
2.27034606904
5.20805222843
1.5329605057
3.486298797
3.98137926533
3.91168633568
5.40079731901
5.07076312598
4.52830560189
3.35066476078
5.0881518697
