1.52490046514
2.00247641547
1.32258651726
1.34750778012
1.0373910695
1.67711428808
1.64525890978
0.772468644482
1.12656653115
2.62149097388
1.39115475582
1.88207640047
1.82699249408
1.49762427997
1.22519582512
2.0586267442
1.25602729564
1.78799213884
2.11337729761
0.536406155878
1.32258651726
0.810425722685
1.24958577938
1.41687261182
1.83081983373
1.47150451901
1.54198664783
2.10377075832
2.05201305711
2.03491381305
1.24958577938
1.24671365369
1.93481814446
0.227946412292
0.22249084867
1.93739162971
1.90087811246
2.01769078149
2.05201305711
1.38474479234
1.58112609296
2.77328935398
1.90087811246
2.48752069422
2.12689179396
1.7489162449
1.38942348637
1.11246191062
0.522586517259
1.32258651726
1.54585248884
1.88207640047
1.92111755121
1.48605726416
1.45233525298
2.03084563253
1.9983955304
2.05201305711
2.0965928009
0.642181637097
1.41068419833
1.80274660286
0.929048785454
1.21227182162
1.72162149129
1.385090543
1.17669606021
1.32258651726
1.36205037927
1.5467362613
1.9894555689
1.90087811246
1.85201305711
1.32258651726
2.11507055568
1.67955932425
-0.5
2.00823312798
1.50527621428
1.90927468873
1.4782482364
0.96604607605
1.93481814446
1.09230169535
2.31337729761
1.44779193051
1.67955932425
1.06308047865
2.64899167863
0.978242468534
1.78054710721
2.10304487364
1.32258651726
1.65986389587
1.6329878462
1.78054710721
1.32258651726
1.32258651726
2.05201305711
2.01769078149
-0.5
1.39463363888
-0.5
2.06315972674
1.3611525211
2.05201305711
1.01113496313
1.328019267
1.32258651726
2.05201305711
1.586863158
1.93481814446
1.85353569393
1.40568929494
2.43036979775
1.65986389587
2.048391181
1.28966413736
1.42649436838
1.56540532415
1.86442607965
1.90087811246
1.32258651726
1.38254580066
1.62163188296
1.32258651726
1.01907679255
1.40672799424
1.7489162449
2.12644254718
1.90087811246
1.5350539304
1.88207640047
2.26379179492
1.48605726416
1.33774604986
1.83417425163
0.697876330632
0.687884850523
2.31337729761
0.711172323302
1.64332816652
1.53941076302
0.706152164945
1.39623866559
1.64525890978
1.78799213884
1.2435973299
1.85964235028
2.05201305711
2.62149097388
1.3028223649
1.47445298186
1.90087811246
1.46352097228
1.586863158
1.51486943448
1.93481814446
1.65986389587
1.7191782413
1.98163136404
0.571732539202
2.98078429506
1.88207640047
2.13603475487
1.32258651726
1.24958577938
1.59738841242
-0.5
1.03582574081
0.784607497283
1.48605726416
2.048391181
0.91488184097
1.32258651726
1.41136850809
0.983540908918
1.32258651726
1.09429010887
1.32258651726
1.78799213884
1.32258651726
1.32258651726
2.18750597359
1.08928027042
1.93462062667
2.13603475487
1.4590388826
1.64854118828
0.227946412292
0.859863895871
1.48874091735
2.04559296216
1.36225589868
1.2866940221
1.90087811246
1.93481814446
1.01341115407
0.784225899119
1.78799213884
1.45947886083
2.02203796742
1.93481814446
2.09007795541
1.90087811246
1.9305739568
0.852863072575
0.883901300993
1.78054710721
1.32258651726
1.09230169535
1.82343617167
2.02563738561
2.01769078149
1.62536188512
2.17715654111
1.71954887106
1.62443479715
1.32636205296
1.78799213884
1.57593705945
2.01769078149
2.05201305711
2.05510304065
2.70742782893
1.83491381305
1.69606158441
1.62354756853
1.59738841242
1.93481814446
1.92292611764
2.03282908883
1.32258651726
2.06315972674
0.443807508838
1.4075917419
1.78799213884
1.78799213884
1.24573329194
0.883901300993
2.05201305711
0.98932851204
1.50678428563
1.66900723058
1.45484296067
2.10377075832
2.01769078149
1.88207640047
2.06315972674
2.02203796742
