3.67918686247
6.0954616045
2.45163932767
3.97057541844
3.61824818801
4.51729079699
3.903665094
1.59098660074
2.37793520304
8.29670938246
5.78003260183
6.06371197988
5.17911840884
3.83308182338
4.00122152172
6.87835402006
4.06265225663
4.54596462479
6.88519783923
1.01592195111
3.65629658049
0.83599262475
2.44251423543
3.93901362091
5.0706330299
4.46341560627
3.95465287542
5.96696841246
5.73405875699
5.65711215873
2.44251423543
2.44215521972
6.24377688116
1.02575885531
1.00120881902
5.7684977582
5.05395150607
5.57960851672
5.73405875699
3.66166740337
5.67519788647
8.97980209291
6.52026190987
7.69384312398
6.11101352682
4.37012310206
3.50625829994
2.38107859778
2.35163932767
2.45163932767
3.95513610554
4.96934380212
5.76646349839
3.69522382389
4.38815085236
5.78017950856
5.49277988678
5.73405875699
5.93466760404
2.35163932767
3.7230788925
5.19017270738
1.20525308242
3.08044328925
5.25479280664
5.12388066495
2.43340302053
4.32679777276
3.73299176666
4.09899087734
5.45255006006
5.05395150607
5.70905875699
2.45163932767
6.88519783923
4.05801695911
-0.5
5.86899285402
3.95006407122
5.55431355384
4.06142492221
2.40707177251
5.20668165008
2.42285372493
6.91019783923
6.51506368728
4.05801695911
1.96092202747
8.42046255384
3.86938753142
4.51246198244
5.96370193139
2.63106706904
3.96938753142
5.02046522279
4.51246198244
3.86452349069
2.45163932767
5.73405875699
5.57960851672
-0.5
4.81055120905
-0.5
5.78421877033
5.13497344716
5.73405875699
2.15709072237
5.97608670149
2.45163932767
6.3341735553
3.96026243919
5.20668165008
4.84091062269
5.01749171256
7.43666408988
4.45778933744
5.71776031449
4.84232356733
4.45778933744
5.16050504755
5.14585502465
5.05395150607
2.45163932767
3.77583883741
4.65274380888
2.45163932767
1.63516349479
3.73857646853
4.37012310206
6.06899146232
5.05395150607
3.95801695911
4.96934380212
6.68706307714
3.18725768872
4.19402453694
5.75559558594
1.137537029
1.06537805907
6.91019783923
1.41213632359
4.05348806439
3.95433088981
1.63941838191
4.02260187678
3.903665094
4.54596462479
2.44176567925
6.52026190987
5.73405875699
8.29670938246
5.10668165008
3.94621116717
5.05395150607
3.15930575256
3.96026243919
4.22207370175
5.20668165008
3.96938753142
6.8359229572
6.86872959754
1.22504536262
9.91352932778
4.96934380212
6.11215639693
2.45163932767
2.44251423543
3.68824785588
-0.5
3.01535909
2.38439195017
3.18725768872
5.71776031449
3.00024110252
3.61106787272
4.54550545149
2.1536414656
2.45163932767
1.82408513157
2.45163932767
4.54596462479
2.45163932767
2.45163932767
6.34377688116
3.98423207738
5.52517104821
6.11215639693
3.94428440476
5.09748452857
1.02575885531
3.86938753142
3.51867297882
6.03503433303
5.01206253802
4.44031429415
5.05395150607
5.20668165008
2.41299240727
1.67386412602
4.54596462479
3.56991020742
5.59917085341
5.99050563419
6.51506368728
5.84266426416
5.39280233457
1.63924968594
2.39680367563
4.51246198244
2.71767087697
2.42285372493
6.63201862423
6.02580729315
5.57960851672
4.12343966743
6.89317024467
6.025027902
5.90705141731
3.8638029869
4.54596462479
5.67262472285
5.57960851672
5.97608670149
6.06007402401
8.68342523018
6.02152415538
4.13227712984
3.8059640584
3.68824785588
5.20668165008
5.1531675294
6.87512931314
3.35155806234
5.78421877033
1.99713378977
4.09621839953
4.54596462479
4.54596462479
2.4420326745
2.39680367563
5.73405875699
1.73335110004
3.88635576598
4.36013447527
4.43595674418
5.96696841246
5.57960851672
4.96934380212
5.78421877033
5.59917085341
