2.04477682483
0.264535538079
1.44517303452
3.27206950975
2.04477682483
2.29051781955
2.29051781955
-0.5
1.02268086246
4.14298194776
2.8628060605
3.28190630502
2.44430094936
1.83032380975
1.75911864849
0.592810528097
1.881593318
2.57598427769
3.47675459522
0.435256610911
1.64517303452
0.347145873962
1.44517303452
0.0
2.59233276302
0.119876309444
-0.5
3.20754151665
0.162323165419
3.0698276261
1.44517303452
1.42412040294
2.86963628893
0.455892824583
-0.5
2.85965278681
2.80175622492
3.03538156299
3.10402611422
2.09477682483
3.10402611422
4.47991204129
2.27234446022
3.97504138844
2.99934223702
-0.5
1.80767583564
1.02492382124
0.728145573622
1.64517303452
2.31972779174
2.76415280094
1.41527642202
1.64517303452
-0.5
2.89450127166
2.99679106079
3.10402611422
3.1931856018
0.590363932449
1.62136839667
2.71963628893
0.876831704075
1.33892997099
2.90381262639
2.64214478423
1.44517303452
1.92302123234
1.62867907166
2.16438684027
2.9789111378
2.80175622492
2.88297348264
0.0
3.22746710543
2.35911864849
-0.5
2.94715935151
0.21627508073
2.77616720284
2.01401090042
1.42412040294
-0.5
1.64517303452
3.62675459522
3.09558386101
0.0
0.83567404235
4.29798335726
0.475403302487
2.56109421442
3.14608974729
1.64517303452
2.31972779174
2.60175622492
2.56109421442
1.64517303452
1.64517303452
3.10402611422
3.03538156299
-0.5
-0.5
-0.5
3.12631945348
-0.5
3.10402611422
0.928319475191
1.41527642202
1.64517303452
3.00402611422
-0.5
0.363376035362
2.38797375715
2.28175622492
3.8607395955
2.31972779174
1.64517303452
2.2271438077
1.95633259035
0.570152752262
2.69585223529
2.80175622492
0.259949665873
2.13656882128
2.11612210114
-0.5
0.438153585091
-0.5
2.45497534695
3.22788509437
2.80175622492
2.06551781955
2.76415280094
3.52758358984
1.37211452832
2.24670808127
2.94371075783
0.480138280077
-0.5
3.42675459522
-0.5
2.27730046667
2.31972779174
0.728630391958
2.05911864849
2.29051781955
2.57598427769
1.38803017738
1.8727891753
3.10402611422
4.16798194776
0.0
2.16972779174
2.80175622492
1.81062428847
0.276671655057
2.11953901315
-0.5
0.742719025281
3.41246888093
3.19883251729
-0.5
4.42823525679
2.76415280094
0.670628615075
1.64517303452
1.44517303452
2.04477682483
3.12206950975
1.66211697024
1.42412040294
1.37211452832
0.0
1.36662824844
1.64517303452
0.0
0.928319475191
1.64517303452
0.841821059569
1.44517303452
2.57598427769
-0.5
1.64517303452
3.37501194718
2.01758018695
2.81524272908
3.27206950975
-0.5
2.5396719565
0.455892824583
0.269574670026
2.01293899354
2.64198181155
2.2733853946
-0.5
2.80175622492
2.76963628893
-0.5
-0.5
2.57598427769
1.54856015992
3.04407593485
2.90867011294
3.49558386101
3.16957141368
2.91210541256
3.27206950975
0.526240536829
2.56109421442
1.62125956511
1.64517303452
3.52758358984
0.335356284574
3.03538156299
0.0
3.47675459522
3.07342983834
2.87420818331
1.90228252544
2.57598427769
2.88297348264
3.65445966019
3.10402611422
3.10288509437
4.41485565786
3.0698276261
2.24212316882
2.24709513707
2.19477682483
2.19477682483
2.84585223529
3.31290844137
1.64517303452
3.12631945348
0.887615017676
2.15878983549
2.57598427769
2.57598427769
1.44517303452
1.58517303452
3.10402611422
0.744258030628
2.00630729324
2.45497534695
2.0113987234
3.16468437379
3.03538156299
2.76415280094
2.04477682483
3.04407593485
