1.83265566476
2.58718858533
1.48387977589
1.72223172845
1.40608494357
2.08285378935
1.96788836467
0.776243130508
1.30533348428
3.43223646082
2.01813730525
2.32311460071
2.30586762476
1.83126107189
1.62177092463
2.74715921218
1.65697371863
2.18198820826
2.79506594641
0.591424708403
1.5081282885
0.771995573608
1.42000413025
1.77717847026
2.29365029033
1.89892038862
1.88665325177
2.65565613749
2.57801958566
2.55237071958
1.42000413025
1.41749102027
2.40222721669
0.341919618438
0.333736273005
2.4846925052
2.35131716869
2.52653617224
2.57801958566
1.71001945106
2.16599349203
3.65993403097
2.52544514451
3.23128104133
2.69605204151
2.12337436735
1.69182845974
1.29369286593
0.783879775889
1.48387977589
1.89003586266
2.32311460071
2.47045268652
1.78061899233
1.87173748146
2.56646475768
2.49759329559
2.57801958566
2.64488920135
0.783879775889
1.7410262975
2.28666461779
0.968506542164
1.47915345985
2.22636025062
1.91920341757
1.35622562597
1.48387977589
1.70075629176
1.91134406359
2.48418335335
2.35131716869
2.40301958566
1.48387977589
2.79506594641
2.01933898637
-0.5
2.5597702317
1.85453162241
2.4299945266
1.80242941675
1.17190688983
2.40222721669
1.28238055672
2.97006594641
2.17168789576
2.01933898637
1.19134355705
3.47348751795
1.28979584381
2.17082066081
2.65456731046
1.48387977589
1.98979584381
2.11691318571
2.17082066081
1.59542878632
1.48387977589
2.57801958566
2.52653617224
-0.5
1.88262186319
-0.5
2.59473959011
1.90026979625
2.57801958566
1.17484292873
1.9920289005
1.48387977589
2.59666208108
1.92592019817
2.40222721669
2.2803035409
1.92166106889
3.14555469663
1.98979584381
2.5725867715
1.66587105511
1.85953650682
2.07899099892
2.33320164323
2.35131716869
1.48387977589
1.72444480591
2.05464787237
1.48387977589
1.02861518882
1.73984920485
2.12337436735
2.68966382077
2.35131716869
1.87145900771
2.32311460071
2.89568769238
1.72908589624
1.74578583373
2.39437729939
0.760685001827
0.741812451744
2.97006594641
0.761332563309
1.98763672336
1.88439935256
0.776605918234
1.77143341004
1.96788836467
2.18198820826
1.41476423695
2.52544514451
2.57801958566
3.43223646082
1.70222721669
1.82756129405
2.35131716869
1.70577594089
1.92592019817
1.90161290123
2.40222721669
1.98979584381
2.45014177214
2.67978825454
0.665062942546
3.97117644259
2.32311460071
2.70405213231
1.48387977589
1.42000413025
1.89608261863
-0.5
1.31861621926
1.01314813341
1.72908589624
2.5725867715
1.21279030691
1.48387977589
1.85910235715
1.1506981313
1.48387977589
1.16527748936
1.48387977589
2.18198820826
1.48387977589
1.48387977589
2.78125896039
1.50284481427
2.44755640117
2.70405213231
1.8140739572
2.08731235254
0.341919618438
1.28979584381
1.77873121185
2.615513158
1.88365684716
1.73721120383
2.35131716869
2.40222721669
1.2133513331
0.911317074391
2.18198820826
1.7609690532
2.53305695114
2.40222721669
2.66383993278
2.35507864394
2.42517801077
0.901844043395
1.10003021166
2.17082066081
1.48387977589
1.28238055672
2.51037652203
2.59709022954
2.52653617224
1.98223013973
2.85087278447
2.33461730406
2.23623717146
1.68885361495
2.18198820826
2.14798134673
2.52653617224
2.57801958566
2.62724175256
3.56114174339
2.37737071958
2.04409237661
1.9353213528
1.89608261863
2.40222721669
2.38438917647
2.72458626373
1.48387977589
2.59473959011
0.665711263257
1.79168126442
2.18198820826
2.18198820826
1.41663320373
1.10003021166
2.57801958566
1.08180363674
1.84672306853
2.05345397982
1.88071635832
2.65565613749
2.52653617224
2.32311460071
2.59473959011
2.53305695114
