2.35234680561
0.364216176099
1.76464199189
3.88807632025
1.40922784216
2.90156741108
2.07078263319
-0.5
1.3984269193
5.66470008932
2.03812898502
3.41629114787
3.48077032727
2.83913320791
2.90429168301
1.02479538328
2.32915725842
3.2211573122
2.73692964641
0.751011896591
2.30916677467
0.56124338109
1.64775480124
0.0
2.81113497734
0.198035459146
-0.5
3.64007896613
0.234264326414
3.68166732729
1.70804943184
2.21666185851
4.11090892836
0.874089035138
-0.5
2.22787624502
3.72101605231
2.37028040404
3.70258175122
2.19331491123
3.89583880798
3.78440808118
3.20431391584
3.37081309368
2.85776128219
-0.5
2.34128196731
1.52891864505
0.762698532962
1.50292976141
2.42349021861
3.07663334097
1.58586523948
2.28706133083
-0.5
2.56583683413
3.67844341101
4.09629043833
3.47318627657
0.912768414394
1.90829092452
1.89503825603
0.920867058981
1.89143871844
3.19629955741
3.3888939026
1.26986038563
2.57168410272
1.77504997852
2.20697662044
3.62920797604
2.40557360316
2.57641698783
0.0
4.04263961851
2.59852869454
-0.5
3.76877049882
0.325218766133
3.80421682481
3.08492454408
1.47759417603
-0.5
2.29034606904
4.96669544226
2.61913356523
0.0
1.32528969811
4.17245550965
0.618075385918
2.27619468696
3.41579591571
2.10891491592
2.57958223424
2.51136538105
3.74500242543
1.65291470883
1.65153871559
3.09359466508
3.11595826731
-0.5
-0.5
-0.5
3.56330519822
-0.5
3.67651971699
1.49910561455
1.82804071862
1.8737680662
3.96068691579
-0.5
0.726752070724
2.68840763431
2.7474745654
4.00665543949
2.75110997966
2.29034606904
3.19940223067
1.65650415891
0.949211417787
3.30452484876
2.07751377254
0.444589852996
1.63119511411
2.3616529642
-0.5
0.768629715595
-0.5
3.05009273139
3.89406378258
2.31980397321
2.30034862406
4.52830560189
3.36416634252
1.62409974335
2.62119347257
2.20837796373
0.505411476111
-0.5
3.61375730951
-0.5
2.99065531937
2.96490082626
1.13074092434
2.32170372503
2.05675768859
2.25614750259
1.87596468616
1.57876486843
2.34576774765
3.77526870257
0.0
2.8727737691
3.01153709199
1.93375259725
0.392328102889
2.31474450018
-0.5
1.48543805056
2.96096753458
3.1067594021
-0.5
7.75641349461
3.37599250213
0.826058175461
1.9473193546
1.05041669224
2.24478938619
2.96847535812
1.91150258121
1.66245896132
2.74422905664
0.0
1.762619906
2.12802040079
0.0
1.23488617289
1.31651066603
1.09377137235
1.63272426181
3.22262403499
-0.5
1.76856019331
4.73251227749
2.38580317431
3.15928142097
2.42849181586
-0.5
3.0145759332
0.577255617714
0.410297996002
2.71337518595
4.40095612324
2.97354019328
-0.5
2.96099871824
2.18532585193
-0.5
-0.5
3.04216484308
1.84072026915
3.26333819427
2.30374123925
4.77339722736
4.49352852641
3.59299273279
2.66827542614
0.908295742959
3.4366040418
2.35809926629
1.69317525388
2.83442961745
0.670712569147
3.49990736341
0.0
4.04443694765
3.39399181514
3.12246702115
2.14887593216
2.79265166994
3.11972629808
3.67900122076
3.27240387727
2.08440405995
4.52888900532
3.96932334968
2.96365187965
2.47291732931
2.38706983379
2.88286434897
4.69170447058
3.91759593468
2.48482030741
3.13904830709
1.48701270497
1.65731131734
2.60991417563
2.39868227981
1.83120419203
1.46245189539
3.84560644177
1.4463921449
2.4609240477
3.16218172937
1.90735070741
5.40079731901
3.22348685266
3.32741638303
1.96419648044
2.69883138569
