1.47651580596
1.18612250035
1.05984240658
1.13093232107
0.682269979914
1.67670003521
1.2919766591
0.662884345194
0.895318259996
2.77738753349
0.831810605225
1.40798536705
1.83116328484
1.65757042389
1.45207574068
1.4477170204
1.26888124522
1.83293399208
1.50830165409
0.549057280459
1.28387854711
0.708377918715
1.13742181447
1.63052912307
1.63670494828
1.26389279952
1.45008655804
1.98836260883
1.34406637429
1.98618742491
1.21494618043
1.41749102027
1.82161749562
0.327783388177
0.274532132302
1.33400071338
1.66975582876
1.43211201583
1.96339618739
1.19280858055
1.4157305108
2.04785771009
1.81325070307
1.83382933357
1.65860433485
1.73241116674
1.38563892792
1.00471667964
0.454404285018
0.978548552897
1.33019764651
1.70823421431
1.41755570719
1.12124103914
1.46243810172
1.48058226782
2.0210829458
2.15354165435
1.82518965736
0.65826257387
1.15141940061
1.12368071941
0.832363114438
1.04120712786
1.59023935154
1.43108700836
1.00612140231
1.21287085832
0.999614433626
1.27247319724
1.91382452814
1.57084010118
1.27854752992
1.3666914762
1.96015805183
1.58278159379
-0.5
1.94188702696
1.07237626554
1.87511047629
1.64489719011
0.88190941038
1.61945921953
1.01843868139
2.48357042693
1.14912039487
1.64690376361
0.876488232076
2.03420033262
0.841435234103
1.4395814157
1.90584528847
1.36336331034
1.56376213251
1.23631445408
1.77110227942
1.26876548895
1.12028032489
1.61503142723
1.77319681832
-0.5
1.38656943805
-0.5
1.94180162651
1.2802800136
2.02160340546
0.976654980302
1.20142113419
1.24822484852
1.81726344713
1.49055367235
1.54329076624
1.54690771049
1.1750648166
2.08169776124
1.55297983203
2.02823327369
1.45256591968
1.00399061455
1.47039870233
1.76078320653
1.222170759
1.00957602174
0.92998253745
1.32145064909
0.805581076714
0.822682500576
1.61186449037
1.74780263142
2.03997556802
1.42436495716
1.28812378609
1.71394508176
1.87951675378
1.06029490618
1.06970191131
1.23426385315
0.550746753382
0.694004590089
1.9634923244
0.703873086202
1.73575824962
1.44157378952
0.647737654058
1.42827920235
1.41269570773
1.15188215511
1.25932954288
1.61222213529
1.37704833919
2.0120684217
1.24161395387
1.45064924715
1.75540569458
1.42142430145
1.11769801926
1.40485271094
1.45813974874
1.26228520637
1.43185392608
1.45920936223
0.546096670532
3.56698839381
1.9034971883
1.41554206672
1.35976365358
0.979901730756
1.09978474952
-0.5
1.00312767382
0.911718497679
1.60648283606
2.04432730436
0.793667212438
1.1567576503
1.44661310054
0.885808043239
1.02835176641
0.921272488242
1.23344183387
1.41705233793
1.22842365706
1.29636533918
2.39969210406
1.13913944335
1.80510531765
1.43331691315
1.8140739572
1.56524361709
0.216470856643
0.709757802884
1.56743772372
1.93424290727
1.50350693291
1.09698437894
1.75702672651
1.4729257965
0.921639400538
0.811734017847
1.81510996372
1.16487456676
1.77523495678
1.450515212
2.06196331504
1.91405453154
1.95452889333
0.828783452791
0.812735710479
1.78359699303
1.46934121903
1.03030648448
1.50539723044
1.44281360492
1.15056331506
1.59226474684
1.97384998861
1.65821060526
1.65114302067
1.38854736903
1.59900745216
1.63228619341
1.55727160861
1.77439156254
1.41813309937
2.18582878553
2.01500498486
1.76398607625
1.47765688546
1.54405951389
1.75014064085
2.38438917647
1.89870568699
1.33194990112
1.7820270077
0.548254764363
0.974426864743
1.2969193002
1.4856809821
1.16801847261
0.770872472105
1.88996696416
1.06050248679
1.4018461193
1.74343984605
1.17361451295
2.65565613749
1.82798995681
1.89153114363
1.44035463132
1.61206176963
