2.75592126361
4.34132509492
1.96775955178
2.84640357345
2.51216656579
3.30007229317
2.93577672933
1.16191045455
1.84163434366
5.86447292164
3.89908495354
4.14055063189
3.7424930168
2.83217144763
2.81149622318
4.81275661612
2.85981298763
3.36397641653
4.84013189282
0.7992632226
2.58221243449
0.740376444285
1.93125918284
2.85809604559
3.68214166012
3.18116799744
2.92065306359
4.31131227497
4.15603917132
4.10474143916
1.93125918284
1.92982311999
4.16251792078
0.683839236875
0.667472546011
4.1265951317
3.70263433738
4.05307234448
4.15603917132
2.68584342721
3.92059568925
6.31986806194
4.52285352719
5.46256208266
4.40353278416
3.24674873471
2.59904337984
1.83738573185
1.56775955178
1.96775955178
2.9225859841
3.64622920142
4.11845809245
2.73792140811
3.12994416691
4.17332213312
3.99518659119
4.15603917132
4.2897784027
1.56775955178
2.732052595
3.73841866259
1.08687981229
2.27979837455
3.74057652863
3.52154204126
1.89481432325
2.88453184851
2.71687402921
3.00516747047
3.96836670671
3.70263433738
4.05603917132
1.96775955178
4.84013189282
3.03867797274
-0.5
4.21438154286
2.90229784682
3.99215404022
2.85490364996
1.78948933117
3.80445443339
1.85261714082
4.94013189282
4.34337579152
3.03867797274
1.57613279226
5.94697503589
2.57959168761
3.34164132163
4.30913462093
2.03027688377
2.97959168761
3.56868920425
3.34164132163
2.72997613851
1.96775955178
4.15603917132
4.05307234448
-0.5
3.34658653612
-0.5
4.18947918022
3.51762162171
4.15603917132
1.66596682555
3.984057801
1.96775955178
4.46541781819
2.94309131868
3.80445443339
3.56060708179
3.46957639072
5.29110939326
3.15866292213
4.14517354299
3.22821571156
3.15866292213
3.61974802323
3.73952833394
3.70263433738
1.96775955178
2.75014182166
3.35369584063
1.96775955178
1.09010899653
2.73921283669
3.24674873471
4.37932764155
3.70263433738
2.88067423964
3.64622920142
4.79137538476
2.45817179248
2.96990518534
4.07498644266
0.949111015412
0.903595255406
4.94013189282
1.05937145226
3.02056239387
2.91936512119
1.19133118162
2.89701764341
2.93577672933
3.36397641653
1.9282649581
4.52285352719
4.15603917132
5.86447292164
3.40445443339
2.88688623061
3.70263433738
2.43254084672
2.94309131868
3.06184330149
3.80445443339
2.97959168761
4.64303236467
4.77425892604
0.945054152581
6.94235288519
3.64622920142
4.40810426462
1.96775955178
1.93125918284
2.79216523725
-0.5
2.16698765463
1.69877004179
2.45817179248
4.14517354299
2.10651570471
2.40737858182
3.20230390432
1.65216979845
1.96775955178
1.37823963082
1.96775955178
3.36397641653
1.96775955178
1.96775955178
4.56251792078
2.74353844583
3.98636372469
4.40810426462
2.87917918098
3.59239844056
0.683839236875
2.57959168761
2.64870209533
4.32527374552
3.44785969259
3.08876274899
3.70263433738
3.80445443339
1.81317187018
1.2925906002
3.36397641653
2.66543963031
4.06611390227
4.04173353176
4.38512586489
4.09887145405
3.90899017267
1.22994425259
1.74841694364
3.34164132163
2.08623676957
1.85261714082
4.57119757313
4.31144876134
4.05307234448
3.05283490358
4.87202151457
4.17982260303
4.07164429438
2.77632830092
3.36397641653
3.91030303479
4.05307234448
4.15603917132
4.34365788828
6.12228348679
4.16580761653
3.08818475323
2.8706427056
2.79216523725
3.80445443339
3.76877835293
4.79985778844
2.37959930878
4.18947918022
1.33142252651
2.94394983197
3.36397641653
3.36397641653
1.92933293912
1.74841694364
4.15603917132
1.39001149298
2.86653941726
3.20679422755
3.15833655125
4.31131227497
4.05307234448
3.64622920142
4.18947918022
4.06611390227
