3.06367646323
4.92603726478
2.12905281041
3.22112752178
2.88086043986
3.70581179445
3.25840618422
1.30493583662
2.02040129678
6.67521840858
4.52606750297
4.78160441455
4.22136814748
3.16580823955
3.20807132269
5.5012890841
3.26075941063
3.75797248595
5.52182054163
0.871482798769
2.94024048316
0.77224850444
2.1016775337
3.21840190403
4.14497211671
3.60858386705
3.26531966753
4.86319765413
4.68204569988
4.62219834568
2.1016775337
2.10060048657
4.85627090757
0.797812443021
0.778717970346
4.6738960072
4.15307339361
4.56191773523
4.68204569988
3.01111808593
4.50546308832
7.20651273893
5.18865632142
6.20632242977
4.97269303171
3.62120685716
2.90144835321
2.01861668716
1.82905281041
2.12905281041
3.26676935791
4.08726740165
4.66779322777
3.05702221337
3.5493463954
4.70894125826
4.49438435639
4.68204569988
4.83807480315
1.82905281041
3.06239469417
4.22233667752
1.126337569
2.54668001278
4.24531528797
4.05565491583
2.07434388901
3.36528715659
3.05557994169
3.36977527276
4.46309449116
4.15307339361
4.60704569988
2.12905281041
5.52182054163
3.37845763486
-0.5
4.76591864658
3.25155325495
4.51287387809
3.25707740737
1.99535014495
4.27186350562
2.04269600219
5.59682054163
5.06727175677
3.37845763486
1.70439587066
6.77147087521
3.00952363555
3.73191487523
4.86065705775
2.23054027886
3.30952363555
4.05261454377
3.73191487523
3.10815858923
2.12905281041
4.68204569988
4.56191773523
-0.5
3.83457476043
-0.5
4.72105904359
4.05673889686
4.68204569988
1.82967479116
4.64806743449
2.12905281041
5.08833639723
3.28214835885
4.27186350562
3.98737492876
3.98554816467
6.00629429213
3.59170506057
4.66936913349
3.76625166348
3.59170506057
4.133333698
4.20830389751
4.15307339361
2.12905281041
3.09204082691
3.78671183005
2.12905281041
1.27179382928
3.0723340473
3.62120685716
4.94254891514
4.15307339361
3.21707931695
4.08726740165
5.42327128222
2.70120042456
3.37794496921
4.63518949042
1.01191968661
0.957522856627
5.59682054163
1.1769597427
3.36487095071
3.26435371073
1.33177923017
3.27221238786
3.25840618422
3.75797248595
2.09943186515
5.18865632142
4.68204569988
6.67521840858
3.97186350562
3.23999454279
4.15307339361
2.67479581533
3.28214835885
3.44858676825
4.27186350562
3.30952363555
5.37399589551
5.47241581654
1.03838455593
7.93274503272
4.08726740165
4.97612164206
2.12905281041
2.1016775337
3.09085944346
-0.5
2.44977813309
1.92731067792
2.70120042456
4.66936913349
2.40442417065
2.80860834545
3.65003775338
1.81932702083
2.12905281041
1.5182527772
2.12905281041
3.75797248595
2.12905281041
2.12905281041
5.15627090757
3.15710298968
4.49929949919
4.97612164206
3.23421425557
4.09409380323
0.797812443021
3.00952363555
2.93869238983
4.89519394136
3.96926064107
3.53927993071
4.15307339361
4.27186350562
2.01311204921
1.41968177548
3.75797248595
2.96692982268
4.57713288599
4.69132423257
5.06727175677
4.68013572409
4.40359422663
1.36637939704
1.96454585431
3.73191487523
2.29671480537
2.04269600219
5.2581379235
4.88290160528
4.56191773523
3.4097031582
5.54573775794
4.79489103602
4.68344666869
3.13881986291
3.75797248595
4.49774359748
4.56191773523
4.68204569988
4.91579660019
6.97599740125
4.78437979614
3.43621554543
3.18241648986
3.09085944346
4.27186350562
4.23024141175
5.49161496334
2.70358555997
4.72105904359
1.55332628093
3.32803935449
3.75797248595
3.75797248595
2.10023285091
1.96454585431
4.68204569988
1.49274744506
3.20647820016
3.59124097679
3.58420994889
4.86319765413
4.56191773523
4.08726740165
4.72105904359
4.57713288599
