3.66324785588
6.0954616045
2.45163932767
3.93538188863
3.61180147632
4.43072726844
3.903665094
1.56061078452
2.30103194055
8.29670938246
5.78003260183
6.06371197988
5.17911840884
3.77415196261
3.95801695911
6.87835402006
4.0549020789
4.54596462479
6.88519783923
0.979327374549
3.61289216624
0.781078216414
2.44251423543
3.93901362091
5.0706330299
4.40174832829
3.94438753142
5.96696841246
5.73405875699
5.65711215873
2.44251423543
2.44215521972
6.24377688116
1.02575885531
1.00120881902
5.7684977582
5.05395150607
5.57960851672
5.73405875699
3.64073966957
5.67519788647
8.97980209291
6.46745823369
7.69384312398
6.11101352682
4.37012310206
3.49568386502
2.30607859778
2.35163932767
2.45163932767
3.94438753142
4.96934380212
5.76646349839
3.61289216624
4.38815085236
5.75498887562
5.49277988678
5.73405875699
5.93466760404
2.35163932767
3.6480788925
5.18168165008
1.20525308242
3.01259243473
5.25479280664
5.12388066495
2.43340302053
4.32679777276
3.73299176666
4.09899087734
5.45255006006
5.05395150607
5.70905875699
2.45163932767
6.81019783923
4.05801695911
-0.5
5.86899285402
3.95006407122
5.55431355384
4.06142492221
2.40707177251
5.20668165008
2.42285372493
6.91019783923
6.51506368728
4.05801695911
1.88026659529
8.42046255384
3.86938753142
4.51246198244
5.96370193139
2.62319741771
3.96938753142
5.02046522279
4.51246198244
3.86452349069
2.45163932767
5.73405875699
5.57960851672
-0.5
4.81055120905
-0.5
5.78421877033
5.13497344716
5.73405875699
2.08871881918
5.97608670149
2.45163932767
6.3069641897
3.96026243919
5.20668165008
4.84091062269
5.00972398244
7.43666408988
4.40174832829
5.71776031449
4.84232356733
4.40174832829
5.16050504755
5.1281675294
5.05395150607
2.45163932767
3.77583883741
4.64594212214
2.45163932767
1.63516349479
3.73857646853
4.37012310206
6.06899146232
5.05395150607
3.95801695911
4.96934380212
6.68706307714
3.08725768872
4.19402453694
5.75559558594
1.08031113017
1.00737509426
6.91019783923
1.37675215263
4.05348806439
3.94438753142
1.63941838191
4.00801695911
3.903665094
4.54596462479
2.44176567925
6.46745823369
5.73405875699
8.29670938246
5.10668165008
3.94621116717
5.05395150607
3.15930575256
3.96026243919
4.20872730912
5.20668165008
3.96938753142
6.82531232863
6.84837950544
1.18653818936
9.91352932778
4.96934380212
6.11215639693
2.45163932767
2.44251423543
3.68824785588
-0.5
3.01535909
2.38439195017
3.08725768872
5.71776031449
2.99278137731
3.61106787272
4.54550545149
2.08871881918
2.45163932767
1.77930117787
2.45163932767
4.54596462479
2.45163932767
2.45163932767
6.34377688116
3.97456047872
5.52517104821
6.11215639693
3.93659936853
5.09086373762
1.02575885531
3.86938753142
3.51867297882
5.94445907598
5.01206253802
4.40174832829
5.05395150607
5.20668165008
2.41299240727
1.62085977116
4.54596462479
3.48426035982
5.59917085341
5.99050563419
6.51506368728
5.83153568078
5.39280233457
1.59811634735
2.39680367563
4.51246198244
2.7103340215
2.42285372493
6.63201862423
6.02580729315
5.57960851672
4.12343966743
6.89317024467
6.025027902
5.90705141731
3.8638029869
4.54596462479
5.67262472285
5.57960851672
5.97608670149
6.04399146232
8.68342523018
6.02152415538
4.13227712984
3.8059640584
3.68824785588
5.20668165008
5.1531675294
6.86558417414
3.30798988218
5.78421877033
1.99713378977
4.09349662185
4.54596462479
4.54596462479
2.42663932767
2.39680367563
5.73405875699
1.67458056891
3.88635576598
4.34512310206
4.43595674418
5.96696841246
5.57960851672
4.96934380212
5.78421877033
5.59917085341
