0.729166666667
0.222147220197
0.333333333333
0.102551910559
0.0686980596388
0.621878428512
0.572916666667
0.0
0.103613273405
0.75
0.0365839085222
0.269630819977
0.790397511812
0.620526044211
0.356071986307
0.247381693362
0.480671847322
1.0
0.4375
0.144893404151
0.443632389279
0.0
0.605832718438
0.848130447467
0.755495819489
0.171297994388
0.729166666667
0.857142857143
0.386544669706
0.954374538829
0.681561808243
0.905158920539
0.321428571429
0.0
0.0
0.414627722709
0.827284812621
0.25
0.763200984493
0.222481729732
0.205695647408
0.75
0.321615075167
0.875
0.912857099619
0.75
0.660011712893
0.0
0.0
0.309523809524
0.604166666667
0.786700888149
0.307640467102
0.0
0.504045935378
0.265387894841
1.0
0.870295499918
0.554989830402
0.0
0.302972349938
0.25
0.637599954025
0.0
0.593453310511
0.302291761707
0.408818464343
0.25
0.330911144595
0.556570246272
0.833333333333
0.416666666667
0.148036140028
0.75
0.461559786838
0.833333333333
-0.5
0.894610511798
0.319566643655
0.72070100779
0.597466784749
0.277162224244
0.729166666667
0.53410797946
0.875
0.208333333333
0.75
0.0
0.697345654203
0.260419392091
0.629311524325
0.73865654343
0.729166666667
0.833333333333
0.354124405087
0.733333333333
0.511308501947
0.666666666667
0.525098666704
0.5
-0.5
0.407027823868
-0.5
0.954374538829
0.16975078248
0.84375
0.427324394946
0.0
0.75
0.613953171986
0.757290898048
0.501634789101
0.555976374499
0.0873738699461
0.589386585049
0.668329656208
1.0
0.359918216219
0.0
0.448528312176
0.733333333333
0.35
0.5
0.365414456832
0.451485283908
0.375
0.0
0.870242786505
0.75
0.568546514486
0.567857142857
0.376326779018
0.833333333333
0.75
0.0
0.104333296425
0.142753631222
0.0
0.0
0.666666666667
0.0
0.97735552642
0.65625
0.033884211297
0.625
0.583333333333
0.266666666667
0.625349338299
0.2625
0.333333333333
0.75
0.159466322429
0.613727262477
0.875
0.824587931274
0.459107606941
0.649335029676
0.375
0.45
0.319633770698
0.366140794482
0.0
1.0
1.0
0.333333333333
0.833333333333
0.586978782357
0.416666666667
-0.5
0.470244783895
0.163763112515
0.5
0.833333333333
0.0814892189735
0.35
0.34393387332
0.360681368974
0.392506525349
0.207845423349
0.666666666667
0.5
0.666666666667
0.666666666667
1.0
0.262328690845
0.969583025886
0.35
0.672118371102
0.442172020211
0.0
0.11868896214
0.863140492543
0.416666666667
0.54977250072
0.0
0.84375
0.583333333333
0.230074048505
0.0
0.84804748369
0.0
0.786409427689
0.288791610722
0.471277000335
0.538442983025
0.970682924435
0.27051102673
0.107534161826
0.75
0.875
0.474762648409
0.393085574052
0.367804874058
0.25
0.821415982589
0.7513373332
0.522964097108
0.525311268199
0.650344732244
0.729166666667
0.50965778224
0.416666666667
0.526408070896
0.28125
0.639518286153
0.784255666894
1.0
0.541666666667
0.533333333333
0.729166666667
1.0
0.538478256052
0.583333333333
0.727894361877
0.0
0.153048730007
0.360129059451
0.5
0.5625
0.150547826556
0.6875
0.0
0.499027468938
0.5625
0.143594325092
1.0
0.833333333333
0.75
0.231404827263
0.666666666667
