1.94655177087
0.273162132074
1.37903704947
3.04915909204
1.11160838162
2.33845626006
1.69631614156
-0.5
1.05450200766
4.40477506699
1.57234673877
2.6872183609
2.7019238993
2.28844081502
2.30321876226
0.768596537462
1.82110250859
2.66586798415
2.16207223481
0.571071422443
1.83017053555
0.420932535817
1.34692721204
0.0
2.24285415698
0.148526594359
-0.5
2.94434493888
0.17569824481
2.9695838288
1.40603707388
1.82039113072
3.18573271668
0.655566776354
-0.5
1.73965718376
3.04076203923
1.84021030303
2.96633025281
1.71861771937
3.10937910599
3.01538939422
2.42494166323
2.74685982026
2.27705813712
-0.5
1.87109305443
1.14668898379
0.572023899721
1.20457827344
2.03636766396
2.44062137325
1.18939892961
1.77779599813
-0.5
1.98190603469
2.9532770027
3.27823634726
2.74030637409
0.684576310796
1.52003398287
1.48377869202
0.809071346868
1.41857903883
2.60555800139
2.67884147958
1.03572862256
1.99126307704
1.33128748389
1.77694299164
2.97190598203
1.90834686903
1.97441800403
0.0
3.18517542864
2.15722985424
-0.5
2.96243313727
0.2439140746
3.03970108014
2.45377277314
1.18714300045
-0.5
1.96775955178
3.94377158169
2.05323906281
0.0
0.993967273584
3.31600829891
0.463556539438
1.85828237886
2.76965943679
1.76397785361
2.14302000901
1.98074625801
3.05875181907
1.38968603162
1.40532070336
2.44519599881
2.46196870048
-0.5
-0.5
-0.5
2.880812232
-0.5
2.92613978774
1.14307921091
1.37103053896
1.59282604965
3.13062803407
-0.5
0.545064053043
2.13472677836
2.0671535431
3.17165824628
2.18833248475
1.96775955178
2.50111417301
1.24237811918
0.71190856334
2.63151863657
1.6518853294
0.333442389747
1.34401037067
1.79908063224
-0.5
0.576472286697
-0.5
2.4616766914
3.02043622979
1.85592440848
1.80223515226
3.64622920142
2.67937475689
1.21807480751
2.02226765345
1.69541390758
0.379058607083
-0.5
2.82142909324
-0.5
2.47594603499
2.4736756197
0.848055693258
1.86627779377
1.66409604422
1.77961062694
1.51411637176
1.30907365132
1.84265914407
3.01113902692
0.0
2.34208032682
2.41490281899
1.57531444794
0.294246077167
1.88749435691
-0.5
1.11407853792
2.31192463053
2.40732649602
-0.5
5.95619900984
2.74032770993
0.619543631596
1.63410062706
0.865872256644
1.78428648409
2.30448151859
1.57648407877
1.32579158941
2.05817179248
0.0
1.33018861371
1.6835153006
0.0
0.948368577038
1.08410919
0.853661862595
1.33565430747
2.60446802624
-0.5
1.49308681165
3.79938420812
1.92348699611
2.56390551017
1.90886886189
-0.5
2.3703069499
0.432941713286
0.307723497001
2.21595244209
3.30071709243
2.3447384783
-0.5
2.34574903868
1.75357772228
-0.5
-0.5
2.49724863231
1.38054020186
2.6662536457
1.77567560363
3.7732297387
3.61095521834
2.93581597816
2.1259324468
0.681221807219
2.77276553135
1.94565778305
1.43654810708
2.21957221309
0.503034426861
2.79159718922
0.0
3.2624943774
2.66992177897
2.47726693253
1.73788243932
2.27678041912
2.44505788146
2.9050842489
2.50857922374
1.61330304496
3.58260425399
3.17689330591
2.36336390974
1.99010466365
1.92363570868
2.34816016649
3.76877835293
3.00390207922
2.00250411945
2.53113282122
1.14650952873
1.28117793245
2.08427386701
1.92401170986
1.49840314402
1.17183892154
3.05607983133
1.08479410867
1.94985970244
2.54574343989
1.43861488241
4.2827408464
2.62594847283
2.68306228727
1.54345986033
2.16301242816
