1.6265488577
0.549784855726
1.26835470767
2.36975731927
0.972740591918
1.96481879326
1.45284063035
-0.5
0.885591579079
3.26985004466
1.24167971175
2.04694248273
1.92307747133
1.90820296759
1.78964584151
0.600522691642
1.36190202949
2.1105786561
1.74638723247
0.605728532701
1.41900646426
0.6154513556
1.1345611613
0.0
1.73444175768
0.522547141338
-0.5
2.31781681178
0.350668347417
2.25750033031
1.19481418961
1.42412040294
2.33520633333
0.794482711292
-0.5
1.42164864882
2.36050802615
1.57521817277
2.30453056332
1.43245478737
2.47291940399
2.36485674741
1.71820666552
2.13790654684
1.76721968403
-0.5
1.51362343979
1.23856646538
0.584865749997
1.08820738578
1.7242451093
1.8463161363
0.907035183843
1.60979462222
-0.5
1.6980047495
2.22811059439
2.53716638318
2.1642802303
0.710896564236
1.45052704121
1.18830532194
0.767863870048
1.27880206599
2.05408770043
2.01378905656
0.996162076873
1.49429677974
1.11165201355
1.41614013208
2.31460398802
1.76112013491
1.54429871948
0.0
2.45954461936
1.80269571982
-0.5
2.20109577573
0.391274656676
2.28468759792
1.9226210022
1.03609778461
-0.5
1.64517303452
2.97809390257
1.54061634946
0.0
0.894954790576
2.54022775483
0.610576154497
1.52389454628
2.186273289
1.4928503151
1.78439896026
1.5846859585
2.37250121271
1.23618615503
1.22576935779
1.95248929683
2.03016220701
-0.5
-0.5
-0.5
2.19831926577
-0.5
2.3593769279
1.06919566442
1.23069804677
1.32953109193
2.36572540234
-0.5
0.603376035362
1.60831864969
1.5666794868
2.4955681559
1.80607118416
1.64517303452
1.80818325819
1.18888329848
0.774605708894
2.07079183615
1.431862045
0.465669658273
1.17151860969
1.27878102755
-0.5
0.957648191131
-0.5
2.0125463657
2.37385699633
1.59375126356
1.44983507218
2.76415280094
2.11093379045
1.26814274227
1.59852565785
1.46946887946
0.348955738055
-0.5
2.13679318467
-0.5
1.9612367506
1.98245041313
0.698383678783
1.41751852918
1.49464868556
1.46712966177
1.24226805737
1.20813243422
1.53306647045
2.36404060128
0.0
1.81138688455
1.91634546907
1.35020963196
0.348496776529
1.57507431776
-0.5
0.942719025281
1.74843437716
1.84775336566
-0.5
4.15598452508
2.10466291773
0.649285021683
1.38140821531
0.891862639668
1.38362485183
1.73649377795
1.24146557632
1.15269564607
1.97211452832
0.0
0.956266093351
1.4180727004
0.0
1.04172714217
1.12045771397
0.646183931788
1.17191768646
2.10563019931
-0.5
1.39816898554
2.86625613875
1.58305430209
1.96852959937
1.63549733714
-0.5
1.87771635211
0.374991445221
0.324132802799
1.71852969824
2.80047806162
1.74685306922
-0.5
1.82819672754
1.47417144486
-0.5
-0.5
2.01932412719
1.24774690222
2.1311883279
1.38413647334
2.77306225005
2.72838191027
2.27863922354
1.69345788851
0.642928155523
2.12589130662
1.56654963315
1.277648233
1.96317069108
0.515356284574
2.28328701504
0.0
2.48610736271
2.02529838312
1.97165017724
1.43901591842
1.8418815037
1.89670525431
2.27726463395
1.97695629035
1.31040214773
2.71826607548
2.427320405
1.84384517059
1.61498430568
1.72981696818
1.83012265067
2.84585223529
2.17024196194
1.61430557854
2.04806582021
0.881006352484
1.07590920921
1.63685315722
1.66031062323
1.22560209601
1.01311672211
2.34988655422
0.852561151814
1.51561652494
2.06859086469
1.13055248346
3.16468437379
2.11452120411
2.18870819151
1.21789867882
1.79386013729
