1.33785921877
0.931353977531
0.878407413625
0.815564346507
0.560142832556
1.47471846859
1.13461640411
0.329198735229
0.556134380465
2.60238753349
0.732208252215
1.2881717614
1.83116328484
1.45131591119
1.30085977154
1.41300216132
1.1876338956
1.83293399208
1.2997861174
0.324975164677
1.19195134843
0.210466267909
1.00865762004
1.63052912307
1.54267181295
0.981165808499
1.38096613331
1.90074389801
1.04685154862
1.98618742491
1.08011180271
1.41749102027
1.73582554201
0.327783388177
0.274532132302
1.10506799778
1.59564500045
1.04510515151
1.86589066403
0.935903925432
1.4157305108
1.89102803044
1.62376919019
1.81092991013
1.59173720338
1.61655263142
1.30544946308
0.573344491896
0.394075740504
0.757051041482
1.27733142775
1.66448421431
1.20144686006
0.816308678759
1.30220197356
1.13070181646
2.0210829458
2.08351020876
1.65031273499
0.45433020136
0.87071159993
0.866889346011
0.756118799146
0.709289519416
1.55152965138
1.4033613389
0.737370569652
1.12063153852
0.920321253415
1.18070224716
1.86928632435
1.16250676785
1.12250771329
1.1916914762
1.80800376216
1.49528159379
-0.5
1.92534192753
0.894124251831
1.87511047629
1.53304964383
0.724427162457
1.47458037124
1.01843868139
2.40938579085
1.11154169039
1.51565376361
0.337119596301
1.96630664407
0.656255553203
1.31770302704
1.85247868179
1.24657226014
1.48817667117
1.06800745237
1.77110227942
1.18029075174
1.03599368501
1.47914746611
1.48098435024
-0.5
1.32637457536
-0.5
1.94180162651
1.19207857734
1.84800116254
0.69425350459
1.16935814914
1.17141302483
1.72657808084
1.40065309528
1.38241719625
1.51550562383
1.01407285769
1.86082912314
1.35517263433
2.02823327369
1.42124983786
0.593648549244
1.35373203567
1.62273771186
0.985105016373
0.811179958115
0.831304077047
1.17311654473
0.633423929477
0.433605473119
1.61186449037
1.61655263142
1.82828996075
1.15575256105
1.10296737407
1.60212889999
1.73968737844
0.589476088663
0.83015822867
0.907088527908
0.189529303542
0.312545285508
1.7884923244
0.363650358807
1.73575824962
1.33309045657
0.428549475427
1.354702311
1.14315913322
0.913293941281
1.10908843698
1.34277592486
1.0879962387
1.88681951346
1.22404415943
1.45064924715
1.71877954226
1.37785094413
0.957628518519
1.27713291381
1.11546778709
1.00652148804
1.25763002305
1.32139175129
0.286575305651
3.56698839381
1.9034971883
1.15175546975
1.26149475797
0.725058055991
1.02006478512
-0.5
1.00312767382
0.714372078729
1.25648283606
1.92766063769
0.662176280367
1.0167576503
1.33249888254
0.58857451654
0.752633296722
0.645208426348
1.04560493151
1.20893285001
1.05645377341
1.07987673916
2.39969210406
1.03806588934
1.80510531765
1.12943443095
1.76027870358
1.4071738891
0.216470856643
0.664296664533
1.56743772372
1.55339840754
1.46554332299
0.833455995457
1.72046544631
1.26332835394
0.707451516535
0.435024855938
1.79814114066
0.69027010093
1.70861342223
1.35996963675
2.06196331504
1.87875472956
1.95452889333
0.589917638821
0.619142488719
1.75513276568
1.44366222486
0.917274574091
1.42423847386
1.23547202466
0.84533913129
1.57742501187
1.97384998861
1.60149342337
1.49801802067
1.22320214007
1.50297354289
1.43950941623
1.23804618717
1.64114733808
1.13457014797
2.0902149273
1.97750498486
1.76398607625
1.26588566516
1.228484521
1.72829707118
2.38438917647
1.82632171628
1.24299819994
1.6336151912
0.548254764363
0.717167521674
1.07075060331
1.21200585493
1.04295157201
0.63130293936
1.87178991566
0.542397054337
1.24091574614
1.52733600566
0.797820370969
2.65565613749
1.72964090308
1.71653114363
1.1977227052
1.43706176963
