1.39738841242
2.00247641547
1.32258651726
1.06595954163
0.985817375997
1.64525890978
1.64525890978
0.346802396561
0.559781988043
2.62149097388
1.39115475582
1.88207640047
1.82699249408
1.32258651726
1.09230169535
2.0586267442
1.24671365369
1.78799213884
2.11337729761
0.378105089109
1.32258651726
0.173572936981
1.24958577938
1.41687261182
1.83081983373
0.978166295175
1.45986389587
2.10377075832
2.05201305711
2.03491381305
1.24958577938
1.24671365369
1.93481814446
0.227946412292
0.22249084867
1.93739162971
1.90087811246
2.01769078149
2.05201305711
1.21732292195
1.58112609296
2.77328935398
1.90087811246
2.48752069422
2.12689179396
1.7489162449
1.30482800699
0.512461910618
0.522586517259
1.32258651726
1.45986389587
1.88207640047
1.92111755121
0.80286492583
1.45233525298
1.82932056907
1.9983955304
2.05201305711
2.0965928009
0.522586517259
0.941450396256
1.73481814446
0.929048785454
0.669464985496
1.72162149129
1.385090543
1.17669606021
1.32258651726
1.36205037927
1.5467362613
1.9894555689
1.90087811246
1.85201305711
1.32258651726
2.11507055568
1.67955932425
-0.5
2.00823312798
1.50527621428
1.90927468873
1.32258651726
0.96604607605
1.93481814446
1.09230169535
2.31337729761
1.44779193051
1.67955932425
0.417837021175
2.64899167863
0.978242468534
1.78054710721
2.10304487364
1.32258651726
1.65986389587
1.6329878462
1.78054710721
1.32258651726
1.32258651726
2.05201305711
2.01769078149
-0.5
1.39463363888
-0.5
2.06315972674
1.3611525211
2.05201305711
0.795917393358
1.328019267
1.32258651726
2.05201305711
1.586863158
1.93481814446
1.85353569393
1.34354745404
2.43036979775
1.65986389587
2.048391181
1.20538538344
0.978166295175
1.56540532415
1.78581081718
1.90087811246
1.32258651726
1.38254580066
1.56721838901
1.32258651726
0.363369665509
1.40672799424
1.7489162449
2.12644254718
1.90087811246
1.5350539304
1.88207640047
2.26379179492
0.686057264159
1.33774604986
1.83417425163
0.240069140039
0.223861132058
2.31337729761
0.305944922807
1.64332816652
1.45986389587
0.364315195979
1.32258651726
1.64525890978
1.78799213884
1.2435973299
1.43721294082
2.05201305711
2.62149097388
1.2425830697
1.47445298186
1.90087811246
1.46352097228
1.586863158
1.40809829341
1.93481814446
1.65986389587
1.63429321281
1.81883062727
0.263675153192
2.98078429506
1.88207640047
2.13603475487
1.32258651726
1.24958577938
1.59738841242
-0.5
1.03582574081
0.784607497283
1.32258651726
2.048391181
0.855204039228
1.32258651726
1.41136850809
0.710614320113
1.32258651726
0.655164477847
1.32258651726
1.78799213884
1.32258651726
1.32258651726
2.18750597359
1.01190748115
1.93462062667
2.13603475487
1.39755859275
1.64854118828
0.227946412292
0.859863895871
1.48874091735
1.32258651726
1.36225589868
0.978166295175
1.90087811246
1.93481814446
1.01341115407
0.360191060258
1.78799213884
0.774280079959
2.02203796742
1.93481814446
2.09007795541
1.90087811246
1.9305739568
0.768323339149
0.883901300993
1.78054710721
1.32258651726
1.09230169535
1.82343617167
2.02563738561
2.01769078149
1.62536188512
2.17715654111
1.71954887106
1.62443479715
1.32636205296
1.78799213884
1.56054078404
2.01769078149
2.05201305711
1.92644254718
2.70742782893
1.83491381305
1.69606158441
1.62354756853
1.59738841242
1.93481814446
1.92292611764
1.95646797687
1.32258651726
2.06315972674
0.443807508838
1.38581752043
1.78799213884
1.78799213884
1.12258651726
0.883901300993
2.05201305711
0.372129015314
1.50678428563
1.5489162449
1.45484296067
2.10377075832
2.01769078149
1.88207640047
2.06315972674
2.02203796742
