1.54075673614
0.182108088049
0.993432107055
2.21024186383
0.813988921078
1.77534510905
1.32184964993
-0.5
0.710577096014
3.14485004466
1.10656449251
1.95814557393
1.92307747133
1.73774842214
1.70214584151
0.512397691642
1.31304775876
2.1105786561
1.5872148232
0.391130948295
1.35117429642
0.280621690545
1.04609962284
0.0
1.67457333662
0.0990177295729
-0.5
2.24861091164
0.117132163207
2.25750033031
1.10402471592
1.42412040294
2.260556505
0.437044517569
-0.5
1.25143812251
2.36050802615
1.31014020202
2.2300787544
1.24392052751
2.32291940399
2.24637070726
1.64556941062
2.12290654684
1.73142259646
-0.5
1.40090414155
0.764459322527
0.381349266481
0.906226785468
1.6492451093
1.80460940553
0.79293261974
1.26853066542
-0.5
1.39797523525
2.22811059439
2.4601822562
2.00742647162
0.456384207197
1.13177704121
1.07251912801
0.697275634754
0.945719359221
2.01481644537
1.96878905656
0.801596859482
1.41084205136
0.887524989261
1.34690936285
2.31460398802
1.41112013491
1.37241902023
0.0
2.32771123877
1.71593101394
-0.5
2.15609577573
0.162609383066
2.27518533548
1.8226210022
0.896691824859
-0.5
1.64517303452
2.92084772113
1.48734456039
0.0
0.662644849056
2.45956108816
0.309037692959
1.44037007075
2.12352295786
1.41904079129
1.70645778379
1.45012713497
2.37250121271
1.12645735441
1.15910269113
1.81022953255
1.80797913366
-0.5
-0.5
-0.5
2.19831926577
-0.5
2.18275155006
0.787052807273
0.914020359309
1.3118840331
2.30056915234
-0.5
0.363376035362
1.58104592242
1.3868325208
2.33666105308
1.62555498983
1.64517303452
1.80282611534
0.828252079454
0.474605708894
1.95851242438
1.22625688627
0.222294926498
1.05682562723
1.23650830028
-0.5
0.384314857798
-0.5
1.87326065141
2.146808677
1.39204484375
1.30412168045
2.76415280094
1.99458317126
0.812049871676
1.42334183433
1.18244985143
0.252705738055
-0.5
2.02910087698
-0.5
1.9612367506
1.98245041313
0.565370462172
1.41085186252
1.27143439985
1.3030737513
1.15226805737
1.03938243422
1.33955054049
2.24700935128
0.0
1.81138688455
1.81826854599
1.21687629863
0.196164051444
1.46024421365
-0.5
0.742719025281
1.66288172648
1.70789358994
-0.5
4.15598452508
2.10466291773
0.41302908773
1.32088189952
0.710563877788
1.32378358198
1.64048767906
1.24146557632
0.989124217502
1.37211452832
0.0
0.897757321421
1.2390102004
0.0
0.661850981184
0.851707713969
0.613552352841
1.03858435313
1.9863120175
-0.5
1.21761342999
2.86625613875
1.46117081792
1.96852959937
1.38924590793
-0.5
1.7260379666
0.288627808857
0.205148998001
1.71852969824
2.20047806162
1.71593676331
-0.5
1.73049935912
1.32182959263
-0.5
-0.5
1.95233242154
0.920360134574
2.06916909713
1.247609968
2.77306225005
2.72838191027
2.27863922354
1.58358946746
0.454147871479
2.1089270209
1.53321629981
1.17992096027
1.60471480873
0.335356284574
2.08328701504
0.0
2.48055180716
1.94585174281
1.83206684391
1.32688894647
1.7609091683
1.77038946483
2.13116727705
1.74475457021
1.14220202998
2.63631950266
2.38446326214
1.76307593982
1.50729199799
1.46020158356
1.81345598401
2.84585223529
2.09020822375
1.52018793148
1.92321733536
0.806006352484
0.905044547559
1.5586335584
1.44934113991
1.16560209601
0.881225947694
2.26655322088
0.723196072449
1.43879535718
1.9293051504
0.96987905741
3.16468437379
2.028410093
2.03870819151
1.12272324022
1.62719347062
