2.37565632941
0.486775098658
1.85628285876
3.94011335728
1.45720152368
2.96472530582
2.11755991567
-0.5
1.45676508032
5.70636675598
2.07107770297
3.44557093671
3.48077032727
2.89595138973
2.93345834968
1.05417038328
2.34544201533
3.2211573122
2.78899157021
0.822544424726
2.33177749728
0.662100190191
1.67724198073
0.0
2.83109111769
0.339211929734
-0.5
3.6604871294
0.312109721151
3.68166732729
1.73831258974
2.21666185851
4.13522865625
0.988374749424
-0.5
2.28461308712
3.72101605231
2.44124112385
3.7207635694
2.25615966451
3.94583880798
3.82329697007
3.22852633414
3.37581309368
2.87720121726
-0.5
2.37885506672
1.68695435934
0.830537360801
1.55542976141
2.44849021861
3.09053558456
1.62389942752
2.3975025073
-0.5
2.66584667221
3.67844341101
4.12195181399
3.52079191239
0.986416394954
2.01454092452
1.92955570617
0.944396470746
2.00246628736
3.20938997576
3.4038939026
1.33471545809
2.59449047526
1.84975898662
2.23005354351
3.62920797604
2.52224026982
2.63371022091
0.0
4.08309789552
2.62745026317
-0.5
3.78377049882
0.39180606772
3.80738424562
3.11825787741
1.52406282928
-0.5
2.29034606904
4.9738382994
2.63416386826
0.0
1.40272634529
4.19934439854
0.71858820643
2.3040361788
3.43543877286
2.13351809052
2.60556262639
2.55621832222
3.74500242543
1.6894909757
1.67376093781
3.14549198651
3.18701089889
-0.5
-0.5
-0.5
3.56330519822
-0.5
3.73369950798
1.59315323359
1.93191068766
1.87965041914
3.98240566579
-0.5
0.806752070724
2.6974985434
2.80434142908
4.05921954205
2.81128204444
2.29034606904
3.20118794496
1.77254131061
1.04921141779
3.34195131935
2.14604882545
0.515554765276
1.66942610826
2.37574387329
-0.5
0.959740826707
-0.5
3.09652130282
3.96974655568
2.38388211729
2.34719343216
4.52830560189
3.40294988225
1.77508325984
2.67958808042
2.29941357492
0.537494809444
-0.5
3.64965474541
-0.5
2.99065531937
2.96490082626
1.17285203545
2.32392594725
2.13116245049
2.29289353434
1.90596468616
1.63501486843
2.4052712278
3.81427911923
0.0
2.8727737691
3.04422939968
1.9781970417
0.435479594254
2.35302120155
-0.5
1.55210471723
2.98866932071
3.14736705833
-0.5
7.75641349461
3.37599250213
0.904810153445
1.96749479319
1.1123958589
2.26473647614
2.99254943219
1.91150258121
1.71698277084
2.94422905664
0.0
1.78212282998
2.18770790079
0.0
1.36151155989
1.40609399937
1.10464856533
1.67716870625
3.26239676226
-0.5
1.82874537849
4.73251227749
2.42643100236
3.15928142097
2.48775497375
-0.5
3.05507973713
0.606043496502
0.428075773779
2.71337518595
4.60095612324
2.98384562859
-0.5
2.99356450771
2.23610646934
-0.5
-0.5
3.06114825439
1.9498491917
3.28401127119
2.34925007437
4.77339722736
4.49352852641
3.59299273279
2.70489823316
0.971222504307
3.44225880371
2.36921037741
1.72575101146
2.95391491157
0.730712569147
3.56657403007
0.0
4.0462887995
3.42047402857
3.16899479892
2.17328069407
2.81765166994
3.16183156124
3.72002134955
3.34763155269
2.12713515239
4.55417557359
3.98360906396
2.99057495657
2.50881476521
2.47694162866
2.88841990452
4.69170447058
3.94427384741
2.51619285643
3.1806644687
1.51201270497
1.71426620456
2.63312846134
2.46899477981
1.85120419203
1.49771488948
3.87338421955
1.48951383802
2.47890650384
3.2086103008
1.95554941136
5.40079731901
3.25219055636
3.37741638303
1.99592162664
2.75438694124
