2.56689908488
0.471022659391
2.00326489653
4.33355345287
1.57831675662
3.21470193396
2.283739737
-0.5
1.59955845563
6.31549593381
2.28749446712
3.79546743577
3.87019354125
3.14288849526
3.21941147672
1.16758230619
2.59132701179
3.49880197623
3.04964265464
0.876748397732
2.55997025553
0.6774859886
1.81291218558
0.0
3.10525345769
0.293378126833
-0.5
3.99815006139
0.302470064584
4.03770907653
1.87418718977
2.4147972224
4.58565689815
1.04049302167
-0.5
2.50035419669
4.06114305884
2.67079581445
4.07979840952
2.4620858838
4.31406865898
4.18836186911
3.60610625129
3.68528973039
3.16030747061
-0.5
2.59516297345
1.79905133283
0.891955263502
1.6783555054
2.62955149594
3.40159044662
1.80311548843
2.59691458542
-0.5
2.90780715289
4.04102661516
4.51814817169
3.86342904572
1.06368845647
2.15833861768
2.1179267631
0.988529620921
2.18338234271
3.49821554459
3.75142011411
1.4193538034
2.87329780183
2.03428572989
2.43353189637
3.95785897305
2.71252030355
2.90606309627
0.0
4.49075814248
2.833638899
-0.5
4.17943917959
0.399164762693
4.18805840755
3.41716709622
1.64605409045
-0.5
2.45163932767
5.48172880111
2.90959596796
0.0
1.52966923396
4.61412355947
0.745591219414
2.49907158693
3.74868558375
2.29368503438
2.81085354293
2.79910141316
4.0881277286
1.80281718087
1.78575883281
3.44374265893
3.47847936651
-0.5
-0.5
-0.5
3.90455168133
-0.5
4.0779325077
1.72414262589
2.10848079297
2.01718025095
4.38657573166
-0.5
0.857596079565
2.96979351683
3.11506064053
4.45043608738
3.06258475951
2.45163932767
3.54943911665
1.92158575462
1.11786284501
3.65974119015
2.32459552056
0.535646040761
1.7939029829
2.64998458472
-0.5
0.9602639856
-0.5
3.3675150371
4.36871894552
2.58378282761
2.57282776401
4.96934380212
3.7259539052
1.90260396951
2.94985368606
2.5103777974
0.584629577291
-0.5
4.02787013559
-0.5
3.24800996157
3.21051342954
1.29313909544
2.55052780177
2.29029089173
2.51278895629
2.07188884336
1.74173547699
2.62332241714
4.17683874872
0.0
3.13812049023
3.32672983506
2.13519389413
0.462944861433
2.54750792249
-0.5
1.70445114022
3.2987280566
3.47677968325
-0.5
8.65652073699
3.69382489823
0.968691436386
2.11401643767
1.17798613988
2.48501438222
3.31250931492
2.07901183243
1.85805455204
3.18725768872
0.0
1.98858701413
2.38011670089
0.0
1.44145766432
1.47750307072
1.22554011767
1.8034814612
3.551588403
-0.5
1.93638947673
5.19907631218
2.63727517743
3.45696937637
2.71793487179
-0.5
3.35445173113
0.663806509322
0.470474134391
2.96208655788
5.05107563865
3.29309376843
-0.5
3.28490645275
2.42659022546
-0.5
-0.5
3.32347908432
2.12537476407
3.57221700701
2.59052847463
5.27348097169
4.93481518045
3.9215811101
2.95775831932
1.0532960915
3.77135067798
2.56987556347
1.83777670607
3.20160096669
0.784551640291
3.88739578383
0.0
4.4363341587
3.76926793994
3.46833095435
2.36657505954
3.06308729535
3.47811313798
4.08569178625
3.69193004174
2.34132011366
5.01327756415
4.37268122871
3.27725740307
2.73227238009
2.66372279378
3.15299421799
5.1531675294
4.38778181878
2.7416646759
3.46381413082
1.66976429309
1.87385545339
2.88434147279
2.67117381479
2.00760471603
1.62538987936
4.25425863588
1.64875200957
2.7254474484
3.49361515983
2.16494846741
5.95982555531
3.53660789443
3.6745934309
2.1904273636
2.99451864223
