1.16129325863
0.683760904938
0.86129325863
1.56801737744
1.12369420621
1.34493460877
1.32262945489
-0.5
0.593170215616
1.66074548694
1.12531689974
1.57047657626
1.36107523734
1.17349004335
1.16129325863
0.314129166625
0.829714311261
1.39399606942
1.4616886488
0.476602826028
1.16129325863
0.756495931999
0.86129325863
0.0
1.12176740128
0.665263195008
-0.5
1.55188537916
0.419528159776
1.51745690653
0.86129325863
0.829714311261
1.46740907223
1.00454905264
-0.5
1.13157986337
1.45043905623
1.50884539075
1.52600652855
1.14869420621
1.52600652855
1.78664467699
0.686089164192
1.74376034711
1.16129325863
-0.5
0.972971590489
1.09194524102
0.519230769231
1.16129325863
1.32993194794
1.44103820024
0.503819105504
1.24302863208
-0.5
1.42317077246
1.4991977652
1.52600652855
1.54829640045
0.647590983112
1.30534209917
1.34240907223
0.692892136545
1.02044677846
1.4759531566
1.13422040658
0.86129325863
1.16129325863
0.609361744936
1.16129325863
1.49472778445
1.45043905623
1.19442758119
0.0
1.52642549091
1.33977966212
-0.5
1.21047404841
0.727449026035
1.43803595193
1.16129325863
0.829714311261
-0.5
1.16129325863
1.6566886488
1.16129325863
0.0
0.549743373244
1.82449583932
0.658850825622
1.3902735536
1.46152243682
1.16129325863
1.32993194794
1.15043905623
1.3902735536
1.16129325863
1.16129325863
1.52600652855
1.50884539075
-0.5
-0.5
-0.5
1.53157986337
-0.5
1.52600652855
0.772079868798
0.774985957056
1.16129325863
1.37600652855
-0.5
0.450844008841
1.07067764981
0.753381380282
1.71518489888
1.32993194794
1.16129325863
0.920841038845
1.05750420022
0.817538188066
1.39290540859
1.45043905623
0.584701098145
1.14598431058
0.672212343467
-0.5
1.00953839627
-0.5
1.31017240817
1.52572127359
1.45043905623
0.985129454889
1.44103820024
1.63189589746
1.24302863208
1.13024319679
1.25766681989
0.248235726362
-0.5
1.3566886488
-0.5
1.2170523894
1.32993194794
0.431487600812
1.16129325863
1.32262945489
1.39399606942
0.775578972915
1.21819729382
1.52600652855
1.69824548694
0.0
1.10493194794
1.45043905623
1.05265607212
0.559830541695
1.16129325863
-0.5
0.48567975632
1.33526007738
1.26306976768
-0.5
1.72093344834
1.44103820024
0.641341364295
1.16129325863
0.86129325863
1.12369420621
1.44301737744
0.844100671132
0.829714311261
1.24302863208
0.0
0.443499167372
1.16129325863
0.0
1.08471144775
1.16129325863
0.377121931559
0.86129325863
1.39399606942
-0.5
1.16129325863
1.5937529868
1.16129325863
1.20381068227
1.56801737744
-0.5
1.32427059414
0.226473206146
0.300218903239
1.11507685365
1.56049545289
1.16129325863
-0.5
1.45043905623
1.31740907223
-0.5
-0.5
1.39399606942
1.01366792386
1.51101898371
1.04295700192
1.62389596525
1.54239285342
1.42445492457
1.56801737744
0.491560134207
1.3902735536
1.06781489128
1.16129325863
1.63189589746
0.353839071143
1.50884539075
0.0
1.4566886488
1.29009659002
1.16129325863
1.16129325863
1.39399606942
1.19442758119
1.66361491505
1.52600652855
1.36469186183
1.85371391446
1.51745690653
1.19226156144
1.31177378427
1.29869420621
1.29869420621
1.46146305882
1.24604087552
1.16129325863
1.53157986337
0.446903754419
1.0570533486
1.39399606942
1.39399606942
0.86129325863
1.07129325863
1.52600652855
0.386064507657
1.16129325863
1.31017240817
0.586183014183
1.48759966488
1.50884539075
1.44103820024
1.12369420621
1.51101898371
