0.884803921569
0.698653198653
0.6869625043
0.898148148148
0.526865206553
0.964912280702
0.832887877373
-0.5
0.361975013291
0.833333333333
0.5
0.893382352941
0.414835164835
0.960227272727
0.770833333333
0.209375
0.494027573304
1.0
0.744231442577
0.41480204522
0.613636363636
0.676733193277
0.59188034188
0.0
0.648932112891
0.705882352941
-0.5
1.0
0.389226973684
0.833333333333
0.651315789474
0.631578947368
0.63163377193
0.785714285714
-0.5
0.644005847953
1.0
0.76763254644
0.924242424242
0.652400703871
1.0
0.930555555556
0.331970858519
0.927631578947
0.812770562771
-0.5
0.659356725146
0.790178571429
0.41163003663
0.671428571429
1.0
0.713368055556
0.260683760684
0.883039754363
-0.5
0.786131284651
0.777777777778
0.952380952381
0.912649782135
0.477532679739
0.890977443609
0.480920584046
0.59133126935
0.555137844612
0.898785425101
0.623684210526
0.657608695652
0.561095792484
0.420103744939
0.648279352227
1.0
1.0
0.541353383459
0.0
0.891519473286
0.977941176471
-0.5
0.623684210526
0.600793650794
0.797028657617
0.922619047619
0.589855843653
-0.5
1.0
1.0
0.541111111111
0.0
0.477740511409
0.881111111111
0.551282051282
0.794102564103
0.95
0.890873015873
0.963235294118
0.666666666667
1.0
0.782881334352
0.823798627002
0.842863707983
1.0
-0.5
-0.5
-0.5
0.842592592593
-0.5
1.0
0.545238095238
0.621323529412
0.779411764706
0.798003472222
-0.5
0.4
0.519138755981
0.503350090036
0.964743589744
0.835056390977
1.0
0.452828421578
0.606501547988
0.5
0.830882352941
0.730139652015
0.531140350877
0.723684210526
0.181818181818
-0.5
0.955555555556
-0.5
0.928571428571
0.859112394958
0.892857142857
0.608590102708
1.0
0.826270639835
0.837999482402
0.551470588235
0.70649122807
0.23125
-0.5
0.645299145299
-0.5
0.931818181818
1.0
0.269305555556
0.633333333333
0.858134920635
0.715261437908
0.592857142857
0.78125
0.744582043344
0.934114583333
0.0
0.75
0.788461538462
0.826388888889
0.451334379906
0.846580995759
-0.5
0.333333333333
0.693180990345
0.579800407925
-0.5
0.627777777778
0.833333333333
0.393759889921
0.795321637427
0.763888888889
0.59859452553
0.634259259259
0.571428571429
0.609210526316
1.0
0.0
0.13216374269
0.795535714286
0.0
0.751354489164
0.834821428571
0.187719298246
0.666666666667
0.948863636364
-0.5
0.967592592593
1.0
0.834459841629
0.833333333333
0.796315789474
-0.5
0.748015873016
0.172348484848
0.222222222222
0.723684210526
1.0
0.699831649832
-0.5
0.662828947368
0.772255608974
-0.5
-0.5
0.9775
0.54564461274
0.978365384615
0.505002372069
0.772727272727
0.973243464052
0.964285714286
0.734649122807
0.340983381657
0.904761904762
0.763888888889
0.829545454545
0.972426470588
0.3
1.0
0.0
0.962962962963
0.65966819222
0.982638888889
0.734068627451
0.921474358974
0.631578947368
0.889176856282
0.736501280674
0.51974789916
0.899451754386
0.876342203548
0.697115384615
0.721153846154
0.982692307692
0.824900793651
1.0
0.452013045434
0.745098039216
0.957228535354
0.25
0.49321219716
0.739660590957
0.9765625
0.6
0.602505446623
0.84375
0.215608465608
0.611842105263
0.928571428571
0.384130260291
0.928571428571
0.976851851852
1.0
0.58644005848
0.861111111111
