1.72108261863
0.198401653559
1.25054644256
2.70405213231
1.72108261863
1.96788836467
1.96788836467
-0.5
0.767010646848
3.31556979415
2.27210454538
2.71142972877
2.08322571202
1.48387977589
1.48387977589
0.444607896073
1.45125909107
2.18198820826
2.79506594641
0.326442458183
1.48387977589
0.260359405471
1.25054644256
0.0
2.10214430911
0.0899072320827
-0.5
2.65565613749
0.121742374064
2.55237071958
1.25054644256
1.22598503905
2.40222721669
0.341919618438
-0.5
2.283628479
2.35131716869
2.52653617224
2.57801958566
1.77941595196
2.57801958566
3.58215625319
1.73367010987
3.23128104133
2.38587031413
-0.5
1.47417792936
0.768692865927
0.546109180216
1.48387977589
1.98979584381
2.32311460071
1.06145731651
1.48387977589
-0.5
2.32428504466
2.49759329559
2.57801958566
2.64488920135
0.442772949337
1.2160262975
2.22722721669
0.815518514898
1.00419747824
2.42785946979
2.13950332501
1.25054644256
1.48387977589
1.22150930374
1.78118486705
2.48418335335
2.35131716869
2.32012484882
0.0
2.65869556716
2.01933898637
-0.5
2.36826425048
0.162206310548
2.31410785578
1.60574627055
1.22598503905
-0.5
1.48387977589
2.97006594641
2.40502122909
0.0
0.626755531762
3.47348751795
0.356552476865
2.17082066081
2.58456731046
1.48387977589
1.98979584381
2.11798383536
2.17082066081
1.48387977589
1.48387977589
2.57801958566
2.52653617224
-0.5
-0.5
-0.5
2.59473959011
-0.5
2.57801958566
0.79341325174
1.06145731651
1.48387977589
2.461352919
-0.5
0.272532026522
1.9488750547
1.74465050202
3.14555469663
1.98979584381
1.48387977589
1.70160785578
1.46724944276
0.427614564197
2.20938917647
2.35131716869
0.194962249405
1.80637398438
1.62118248495
-0.5
0.328615188818
-0.5
2.07337436735
2.66049715411
2.35131716869
1.70538836467
2.32311460071
2.89568769238
1.02908589624
1.85414870801
2.38169611185
0.360103710058
-0.5
2.73673261308
-0.5
1.92388444091
1.98979584381
0.546472793969
1.66933898637
1.96788836467
2.18198820826
1.18387977589
1.65459188147
2.57801958566
3.34473646082
0.0
1.81479584381
2.35131716869
1.54546821635
0.207503741292
1.70465932059
-0.5
0.557039268961
2.72006594641
2.47082352217
-0.5
3.34895422037
2.32311460071
0.502971461306
1.48387977589
1.25054644256
1.72108261863
2.52905213231
1.38944487054
1.22598503905
1.02908589624
0.0
1.04470802843
1.48387977589
0.0
0.870781672793
1.48387977589
0.686921350233
1.25054644256
2.18198820826
-0.5
1.48387977589
2.78125896039
1.62087744791
2.27809871348
2.70405213231
-0.5
2.02975396737
0.341919618438
0.202181002519
1.71365161357
1.98148635866
1.73003904595
-0.5
2.35131716869
2.28556055003
-0.5
-0.5
2.18198820826
1.16142011994
2.53305695114
2.2867657426
2.87168789576
2.62717856026
2.41622191656
2.70405213231
0.394680402622
2.17082066081
1.40344467383
1.48387977589
2.89568769238
0.25151721343
2.52653617224
0.0
2.79506594641
2.47898542224
2.2667672486
1.5149471882
2.18198820826
2.32012484882
2.99084474514
2.57801958566
2.51466382077
3.56114174339
2.55237071958
1.86909237661
1.9353213528
1.89608261863
1.89608261863
2.38438917647
2.60391210026
1.48387977589
2.59473959011
0.665711263257
1.77187015439
2.18198820826
2.18198820826
1.25054644256
1.41387977589
2.57801958566
0.558193522971
1.6363094173
2.07337436735
1.53632682033
2.60565613749
2.52653617224
2.32311460071
1.72108261863
2.53305695114
