2.18441357395
0.502527537925
1.70930082099
3.5466732617
1.33608629074
2.71474867768
1.95138009434
-0.5
1.31397170501
5.09723757815
1.85466093882
3.09567443764
3.09134711328
2.64901428419
2.64750522263
0.940758460373
2.09955701887
2.94351264818
2.52834048577
0.76834045172
2.10358473902
0.650437981543
1.54157177587
0.0
2.55692877769
0.385045732635
-0.5
3.32282419741
0.321749377717
3.32562557804
1.6024379897
2.01852649462
3.68480041436
0.936256477175
-0.5
2.06887197755
3.38088904577
2.21168643325
3.36172872929
2.05023344523
3.57760895698
3.45823207103
2.85094641698
3.06633645697
2.59409496391
-0.5
2.16254715999
1.57485738585
0.7691194581
1.43250401743
2.26742894128
2.77948072249
1.4446833666
2.19809042919
-0.5
2.42388619153
3.31586020686
3.72575545629
3.17815477906
0.909144333435
1.87353745369
1.74118464924
0.900263320572
1.82155023202
2.92056440693
3.05636769109
1.25007711279
2.3156831487
1.66523224335
2.02657519066
3.30055697904
2.3319602361
2.36135734555
0.0
3.67720957648
2.42126162733
-0.5
3.38810181805
0.384447372747
3.4267100837
2.81934865861
1.40207156812
-0.5
2.12905281041
4.46594779769
2.35873176857
0.0
1.27578345661
3.78456523761
0.691585193447
2.10900077067
3.12219196196
1.97335114667
2.40027170986
2.31333523129
3.40187712225
1.57616477053
1.5617630428
2.84724131409
2.89554243127
-0.5
-0.5
-0.5
3.22205871511
-0.5
3.39011886296
1.4621638413
1.75534058235
1.74212058734
3.57823559993
-0.5
0.755908061884
2.42520356997
2.49492594351
3.66800299673
2.55997932937
2.12905281041
2.85293677327
1.62566961134
0.980559990564
3.02416144855
1.96750213034
0.495463489792
1.54494923362
2.10150316185
-0.5
0.959217667813
-0.5
2.82552756854
3.57077416585
2.18398140696
2.12155910031
4.08726740165
3.0799458593
1.64756255016
2.40932247478
2.09169594849
0.490360041597
-0.5
3.27143935522
-0.5
2.73330067718
2.71928822298
1.05256497547
2.09732409273
1.97203400926
2.08206172576
1.74004052896
1.52829425988
2.18722003847
3.45171948975
0.0
2.60742704796
2.76225841703
1.82120018926
0.408014327076
2.1585344806
-0.5
1.39975829424
2.67861058482
2.8179544334
-0.5
6.85630625222
3.05816010603
0.840928870505
1.82097314872
1.04680557793
2.04445857006
2.67258954946
1.74399332999
1.57591098965
2.70120042456
0.0
1.57565864582
1.99529910069
0.0
1.28156545546
1.33468492802
0.990032406946
1.5508559513
2.97320512153
-0.5
1.72110128025
4.26594824281
2.21558682729
2.86159346557
2.26488349788
-0.5
2.75570774312
0.548280483682
0.400565738231
2.46466381402
4.15083660784
2.67459748875
-0.5
2.70222256267
2.04562271322
-0.5
-0.5
2.80069222259
1.77432361933
2.99580553537
2.10797167411
4.27331348303
4.05224187238
3.26440435548
2.452038147
0.889148917111
3.11316692943
2.16854519134
1.61372531684
2.70622885645
0.676873498004
3.24575227631
0.0
3.65624344031
3.07168011721
2.8696586435
1.98335138665
2.57221604453
2.84554998451
3.35908940454
3.00333306363
1.91295019111
4.09507358303
3.59453689922
2.70389251008
2.28535715033
2.29016046354
2.62384559106
4.23024141175
3.50076587604
2.29072103696
2.89751480658
1.35426111685
1.55467695572
2.38265078167
2.26681574484
1.69480366803
1.3700398996
3.49250980321
1.33027566647
2.2329210239
2.92360544177
1.74930017939
4.8417690827
2.9677732183
3.08023933515
1.80141588969
2.51425524026
