1.99742132577
0.518279977192
1.56231878322
3.15323316611
1.2149710578
2.46477204954
1.78520027301
-0.5
1.1711783297
4.48810840032
1.64457084968
2.74577793858
2.7019238993
2.40207717866
2.36155209559
0.827346537462
1.85367202241
2.66586798415
2.26768940134
0.714136478713
1.87539198077
0.638775772896
1.40590157101
0.0
2.28276643768
0.430879535536
-0.5
2.98516126542
0.331389034284
2.9695838288
1.46656338967
1.82039113072
3.23437217246
0.884138204925
-0.5
1.85313086797
3.04076203923
1.99025094665
3.00269388917
1.84430722594
3.20937910599
3.093167172
2.47336649983
2.75685982026
2.31098871056
-0.5
1.94623925326
1.46276041236
0.707701555399
1.30957827344
2.08636766396
2.46842586043
1.26546730568
1.99867835107
-0.5
2.18192571085
2.9532770027
3.32955909859
2.83551764574
0.83835012821
1.73253398287
1.55281359231
0.856130170397
1.64063417668
2.6317388381
2.70884147958
1.16543876748
2.03704049607
1.48070550009
1.8230968378
2.97190598203
2.14168020237
2.0890044702
0.0
3.27132125744
2.21507299149
-0.5
2.99243313727
0.377088677774
3.04603592177
2.52043943981
1.28008030695
-0.5
1.96775955178
3.96714085386
2.08329966887
0.0
1.14884056793
3.36978607668
0.664582180464
1.91396536254
2.80894515107
1.81318420281
2.19498079333
2.07045214036
3.05875181907
1.46283856536
1.4497651478
2.54899064167
2.60407396364
-0.5
-0.5
-0.5
2.880812232
-0.5
3.04653821794
1.331174449
1.5801801971
1.60459075553
3.17406553407
-0.5
0.705064053043
2.15290859654
2.18551045794
3.27678645141
2.3086766143
1.96775955178
2.50468560158
1.48007417372
0.91190856334
2.70637157775
1.78895543522
0.475372214308
1.42047235897
1.82726245042
-0.5
0.958694508919
-0.5
2.55453383426
3.17180177601
1.98408069664
1.89592476845
3.64622920142
2.75694183635
1.52004184048
2.13905686914
1.88428692548
0.44322527375
-0.5
2.89322396504
-0.5
2.47594603499
2.4736756197
0.933325389615
1.87072223822
1.81290556803
1.87325245428
1.57411637176
1.42157365132
1.96916884913
3.08915986026
0.0
2.34208032682
2.48028743438
1.66420333683
0.381899403412
1.96404775965
-0.5
1.24741187125
2.36855184894
2.49276048056
-0.5
5.95619900984
2.74032770993
0.777047587564
1.67445150425
0.981215296956
1.82418066398
2.35262966674
1.57648407877
1.43483920846
2.45817179248
0.0
1.36919446166
1.8028903006
0.0
1.20161935103
1.26327585667
0.87541624856
1.42454319635
2.68401348079
-0.5
1.61345718202
3.79938420812
2.00474265222
2.56390551017
2.05508811097
-0.5
2.45633574912
0.490517470861
0.375088093087
2.21595244209
3.70071709243
2.36534934891
-0.5
2.41088061762
1.8551389571
-0.5
-0.5
2.54023619079
1.59879804696
2.70759979955
1.86669327385
3.7732297387
3.61095521834
2.93581597816
2.19917806084
0.807075329915
2.78407505516
1.96788000528
1.50169962223
2.45854280132
0.623034426861
2.92493052256
0.0
3.26619808111
2.72288620585
2.57032248808
1.80190623057
2.32678041912
2.52926840777
2.99815745953
2.65903457457
1.70572927201
3.63597159247
3.20546473448
2.41721006358
2.06189953545
2.10337929842
2.3592712776
3.76877835293
3.05725790468
2.06524921749
2.61436514446
1.19650952873
1.39508770689
2.13405157352
2.06463670986
1.53840314402
1.24236490971
3.11163538688
1.17103749492
1.99381952425
2.63860058274
1.54305094741
4.2827408464
2.68335588023
2.78306228727
1.60691015273
2.27412353927
