1.75608261863
0.59673726027
1.25054644256
2.70405213231
1.75997150751
2.14006698422
1.96788836467
-0.5
1.02951064685
3.31556979415
2.2990276223
2.71142972877
2.08322571202
1.83865194822
1.52350565304
0.532107896073
1.45880571111
2.18198820826
2.81839927974
0.587703214927
1.48387977589
0.700160064903
1.25054644256
0.0
2.10214430911
0.584024879142
-0.5
2.65565613749
0.41647921617
2.55237071958
1.25054644256
1.22598503905
2.40222721669
1.01364715792
-0.5
2.283628479
2.35131716869
2.52653617224
2.57801958566
1.77941595196
2.57801958566
3.58215625319
1.73367010987
3.23128104133
2.38587031413
-0.5
1.60312529778
1.41869286593
0.761493795601
1.48387977589
1.98979584381
2.32311460071
1.17812398318
1.77047385933
-0.5
2.51042140829
2.49759329559
2.57801958566
2.64488920135
0.831661838226
1.9160262975
2.30500499447
0.815518514898
1.53753081158
2.42785946979
2.13950332501
1.25054644256
1.48387977589
1.32920161144
1.78118486705
2.48418335335
2.35131716869
2.32012484882
0.0
2.86875015694
2.01933898637
-0.5
2.36826425048
0.539489935248
2.31410785578
1.78150930374
1.22598503905
-0.5
1.48387977589
2.97006594641
2.40502122909
0.0
0.868396398635
3.47348751795
0.776552476865
2.17082066081
2.58456731046
1.48387977589
1.98979584381
2.11798383536
2.17082066081
1.48387977589
1.48387977589
2.57801958566
2.52653617224
-0.5
-0.5
-0.5
2.59473959011
-0.5
2.57801958566
1.11623960639
1.38378140058
1.48387977589
2.5640026403
-0.5
0.552532026522
1.9488750547
1.74753904595
3.14555469663
1.98979584381
1.48387977589
1.70160785578
1.90935470592
0.952614564197
2.29688917647
2.35131716869
0.515506803208
1.80637398438
1.65300066676
-0.5
1.02861518882
-0.5
2.07337436735
2.66049715411
2.35131716869
1.70538836467
2.32311460071
2.89568769238
1.72908589624
1.90175900213
2.38169611185
0.447603710058
-0.5
2.73673261308
-0.5
1.92388444091
1.98979584381
0.721472793969
1.6926723197
1.96788836467
2.18198820826
1.18387977589
1.65459188147
2.57801958566
3.34473646082
0.0
1.81479584381
2.35131716869
1.57463488302
0.429491625086
1.84080979293
-0.5
0.790372602294
2.72006594641
2.66391792776
-0.5
3.34895422037
2.32311460071
0.871392513938
1.48387977589
1.25054644256
1.75997150751
2.60682991009
1.38944487054
1.22598503905
1.72908589624
0.0
1.07786592317
1.48387977589
0.0
1.35939750113
1.48387977589
0.686921350233
1.25054644256
2.18198820826
-0.5
1.48387977589
2.78125896039
1.65904486872
2.27809871348
2.70405213231
-0.5
2.07975396737
0.429419618438
0.367323376383
1.71365161357
2.68148635866
1.77882692474
-0.5
2.35131716869
2.28556055003
-0.5
-0.5
2.18198820826
1.64871958518
2.53305695114
2.2867657426
2.87168789576
2.62717856026
2.41622191656
2.70405213231
0.674680402622
2.17082066081
1.48122245161
1.48387977589
2.89568769238
0.46151721343
2.52653617224
0.0
2.81451039086
2.47898542224
2.2667672486
1.5149471882
2.18198820826
2.32012484882
2.99084474514
2.57801958566
2.53525205607
3.56114174339
2.55237071958
1.92293853046
1.9353213528
1.89608261863
1.89608261863
2.38438917647
2.65067323386
1.48387977589
2.59473959011
0.840711263257
1.81777658714
2.18198820826
2.18198820826
1.25054644256
1.41387977589
2.57801958566
0.713749078526
1.6363094173
2.07337436735
1.53632682033
2.60565613749
2.52653617224
2.32311460071
1.75997150751
2.53305695114
