2.01765171565
1.77938701588
1.49940986237
1.70878705364
1.1198367531
2.44297654673
1.78823790163
0.849074961866
1.21363128912
4.55477506699
1.47447707927
2.369503735
2.87192905787
2.3999654997
2.332056682
2.59223514737
1.9410230008
2.66586798415
2.27429697799
0.712726604865
1.98367472183
0.698540785331
1.48506206131
2.41292779868
2.3835810266
1.94668843609
2.07226298551
2.97672521766
1.87699547077
3.018000311
1.55571001302
1.92982311999
3.19429970986
0.655566776354
0.549064264604
1.9096808875
2.39887816133
2.03327485041
3.00719407071
1.7961287812
2.62576537418
3.11687337464
3.03230562637
2.75994520508
2.4073813533
2.54931014016
1.9967097646
1.39318737679
0.822624935016
1.30284706729
2.00988187108
2.56726754047
2.21714665486
1.80686442059
2.19192151355
2.19383281937
3.04216589159
3.33674288651
2.83638266484
1.00955930028
1.59885530745
1.61872051724
0.918205824434
1.60824624366
2.53172582092
2.57445528719
1.21949457933
2.03456206843
1.53059946319
1.85727479095
2.93068971753
2.14168020237
2.17560111099
1.73338295241
3.23480023319
2.20722985424
-0.5
3.07041024128
1.5628103619
3.0295199448
2.5325453865
1.26168195663
2.30278198912
1.50276938331
3.96714085386
2.03304961287
2.35630752722
0.960920317927
3.3176442131
1.18544266379
2.06269085815
2.97826995481
1.83071559658
2.18355836834
1.85728461288
2.80887122551
1.89982999423
1.4407099786
2.526586529
2.62894725367
-0.5
2.28011839124
-0.5
2.92922871419
2.26480719292
3.0498565737
1.35314513939
2.35703800402
1.63671852034
2.891023199
2.09538705083
2.34762804088
2.4884623055
2.03023280342
3.26453556329
2.29909103426
3.05646654739
2.50047636339
1.4182142455
2.32560242582
2.58800393996
1.75285010999
1.2188793102
1.35017001135
1.97820812082
0.99022337166
0.951380478912
2.35348619423
2.55810526283
3.20899661116
1.97967280965
1.92360279002
2.42789016352
2.80927725708
1.44638076243
1.68734364828
1.81883162383
0.58546857842
0.843067316491
3.01031798213
0.921713704697
2.49416097283
2.07192138911
0.955733864579
2.12644855992
1.85700583283
1.67628172494
1.67867959617
2.57702111283
1.98858424583
3.09520983163
2.29866187897
2.28757123181
2.58348831442
1.9555317068
1.54761771623
1.97531215575
2.05174812369
1.68422281764
2.35526745171
2.3815569122
0.721448534092
6.13397678762
2.8069943766
2.12020163302
1.74580983725
1.05663512071
1.65045215613
-0.5
1.53601056375
1.3777504272
2.21296567213
3.08865460872
1.31800101723
1.7635153006
2.38627201633
1.21690564697
1.25361765925
1.24154365695
1.53187856913
2.0367911217
1.5445093851
1.61679458309
3.79938420812
1.87155940441
2.64062760941
2.05943951836
2.87917918098
2.45089767617
0.432941713286
1.31500813503
2.2717349549
2.90775557683
2.40300763663
1.81749963862
2.61807305273
2.06309334172
1.30722206114
1.08531209011
2.75793126796
1.64861863286
2.66655845885
2.49896123537
3.65264962975
3.23923779151
2.93837486222
1.04581900175
1.24052617732
2.77653080412
2.02699816067
1.42437616286
2.50176780599
2.20972210925
1.60790392834
2.36424046516
3.19636264402
2.71243256785
2.55822477314
1.87675000582
2.31322617833
2.55890413111
2.24183099403
2.86610015986
2.14378846862
3.59038379675
3.19218287425
2.5279721525
2.11111678954
2.10396427604
2.7399095155
3.76877835293
3.15552744549
1.95349261008
2.62136101477
1.09650952873
1.42405681708
1.91061140253
2.07878549816
1.59486994436
1.19181207088
3.06457088863
1.36806368966
2.06543729226
2.61565992011
1.65110311192
4.31131227497
2.6821479321
2.78306228727
2.29275857523
2.3074568726
