3.01585944346
0.462937191638
2.02905281041
4.97612164206
3.01585944346
3.44612120878
3.25840618422
-0.5
1.78969150931
6.62521840858
4.63491060588
4.99333603378
4.00674932382
2.99852121252
3.07845763486
1.03741842417
3.17259599882
3.75797248595
5.52182054163
0.761699069094
2.81002724041
0.607505279433
2.02905281041
0.0
4.06289812476
0.209783541526
-0.5
4.86319765413
0.284065539484
4.62219834568
2.02905281041
2.01852649462
4.89912805043
0.797812443021
-0.5
4.58772571026
4.15307339361
4.56191773523
4.68204569988
3.04085944346
4.68204569988
7.17317940559
3.88836751126
6.20632242977
4.83975800569
-0.5
2.80816955448
1.79361668716
1.27425475384
2.12905281041
3.30952363555
4.08726740165
2.47673373853
2.81002724041
-0.5
4.60514995268
4.49438435639
4.68204569988
4.83807480315
1.03313688179
2.83739469417
4.19686350562
1.0607712716
2.34312744924
4.33167209619
4.15006916187
2.02905281041
3.36528715659
2.8501883754
3.31399275995
4.46309449116
4.15307339361
4.57151938409
0.0
5.39155738373
3.37845763486
-0.5
4.68384465462
0.378481391278
4.42560029727
3.23880479002
2.01852649462
-0.5
2.12905281041
5.59682054163
5.16727175677
0.0
1.46242957411
6.77147087521
0.831955779352
3.73191487523
4.83065705775
2.20693132489
3.30952363555
4.05307339361
3.73191487523
2.12905281041
2.12905281041
4.68204569988
4.56191773523
-0.5
-0.5
-0.5
4.72105904359
-0.5
4.68204569988
1.62455908158
2.47673373853
2.12905281041
4.97871449404
-0.5
0.635908061884
3.70526986448
3.89307339361
6.00629429213
3.42358203311
2.12905281041
3.80375166348
3.42358203311
0.997767316459
4.15524141175
4.15307339361
0.454911915279
3.12715333197
3.60094094972
-0.5
0.766768773909
-0.5
3.59977828573
4.93004891514
4.15307339361
3.20345763486
4.08726740165
5.42327128222
2.40120042456
3.42438620104
4.62975469577
0.840241990135
-0.5
5.49682054163
-0.5
3.33754854395
3.30952363555
1.27510318593
3.22845763486
3.25840618422
3.75797248595
2.00048138184
2.52738105677
4.68204569988
6.63771840858
0.0
3.23452363555
4.15307339361
2.60609250482
0.484175396349
3.36417809083
-0.5
1.29975829424
5.48967768448
5.38285950267
-0.5
7.66607836605
4.08726740165
1.17360007638
2.12905281041
2.02905281041
3.01585944346
4.90112164206
2.48013326935
2.01852649462
2.40120042456
0.0
2.33238890845
2.80860834545
0.0
1.62455908158
2.12905281041
1.30652018758
2.02905281041
3.75797248595
-0.5
2.12905281041
5.15627090757
3.20768840409
4.4266747759
4.97612164206
-0.5
4.06942592387
0.797812443021
0.471755672545
2.91080113342
4.62346817021
3.90342444055
-0.5
4.15307339361
4.22186350562
-0.5
-0.5
3.75797248595
2.70998027986
4.57713288599
4.77438322397
5.36727175677
4.79674997394
4.39975590054
4.97612164206
0.92092093945
3.73191487523
2.27470423894
2.12905281041
5.42327128222
0.586873498004
4.56191773523
0.0
5.52182054163
4.85676308667
4.69653098747
3.06428853716
3.75797248595
4.57151938409
5.64530440533
4.68204569988
4.86754891514
6.97599740125
4.84806743449
3.36121554543
3.18241648986
3.09085944346
3.09085944346
4.23024141175
5.4398974647
2.57288101947
4.72105904359
1.55332628093
3.31954887877
3.75797248595
3.75797248595
2.02905281041
2.09905281041
4.68204569988
1.3024515536
3.11630092106
3.59977828573
3.43661443261
4.8417690827
4.56191773523
4.08726740165
3.01585944346
4.57713288599
