2.04477682483
3.17190075519
1.64517303452
1.88579449791
1.73609854752
2.29051781955
2.29051781955
0.693604793122
1.02268086246
4.24298194776
2.64511985468
2.85844306655
2.78474275544
1.81131869917
1.75911864849
3.43569168016
2.01141907524
2.57598427769
3.47675459522
0.435256610911
1.64517303452
0.347145873962
1.59042248111
2.1374843287
2.75648074692
1.95633259035
2.16972779174
3.20754151665
3.10402611422
3.0698276261
1.59042248111
1.58826838684
2.86963628893
0.455892824583
0.444981697341
3.0319933807
2.80175622492
3.03538156299
3.10402611422
1.90972770698
2.75086089111
4.54657870796
2.87442588164
3.97504138844
3.26521228906
2.49783248981
1.93078682357
1.02492382124
1.04517303452
1.64517303452
2.16972779174
2.76415280094
3.01978782183
1.60572985166
2.29113970995
2.95094008523
2.99679106079
3.10402611422
3.1931856018
1.04517303452
1.62136839667
2.71963628893
1.00796429887
1.33892997099
2.73109900996
2.45331629213
1.53575519173
1.92302123234
2.03946220424
2.27595186589
2.9789111378
2.80175622492
2.95402611422
1.64517303452
3.24632700051
2.35911864849
-0.5
3.11130733542
2.20378703055
2.95071436447
2.05055613512
1.37776770361
2.86963628893
1.47245941809
3.62675459522
2.89558386101
2.35911864849
0.83567404235
4.29798335726
1.71972779174
2.56109421442
3.20608974729
1.64517303452
2.31972779174
2.60083852523
2.56109421442
1.97361123705
1.64517303452
3.10402611422
3.03538156299
-0.5
2.3706100875
-0.5
3.12631945348
2.43938707141
3.10402611422
0.928319475191
2.656038534
1.64517303452
3.10402611422
2.26497723834
2.86963628893
2.70707138786
2.39102646216
3.8607395955
2.31972779174
3.096782362
2.1521438077
1.95633259035
2.59257667369
2.69585223529
2.80175622492
1.64517303452
2.06634381116
2.44685374133
1.64517303452
0.726739331018
2.07297041546
2.49783248981
3.25288509437
2.80175622492
2.20786408502
2.76415280094
3.52758358984
1.37211452832
2.1538256176
2.95458034715
0.480138280077
0.447722264116
3.62675459522
0.611889845614
2.3319452802
2.16972779174
0.728630391958
2.05911864849
2.29051781955
2.57598427769
1.585931144
2.87442588164
3.10402611422
4.24298194776
2.26963628893
2.18066960623
2.80175622492
1.9480309095
2.26497723834
2.20827801218
2.86963628893
2.31972779174
3.11744153162
3.25584459246
0.527350306384
4.96156859013
2.76415280094
3.27206950975
1.64517303452
1.59042248111
2.19477682483
-0.5
1.60140669772
1.24168876954
1.64517303452
3.096782362
1.46594042154
1.64517303452
2.30683620621
0.928319475191
1.64517303452
0.887787028164
1.64517303452
2.57598427769
1.64517303452
1.64517303452
3.37501194718
1.85837976617
2.96049217568
3.27206950975
2.1229988144
2.5492829695
0.455892824583
1.71972779174
2.06872150634
2.64198181155
2.40505779564
1.95633259035
2.80175622492
2.86963628893
1.41329151213
0.720382120516
2.57598427769
1.54856015992
3.04407593485
2.86963628893
3.23760191015
2.86957141368
2.91978206473
0.887420214145
1.31615912232
2.56109421442
1.64517303452
1.47245941809
3.1973168724
3.16854307348
3.03538156299
2.33909839435
3.52458902784
2.94968573705
2.84803954577
2.05134517694
2.57598427769
2.73542190941
3.03538156299
3.10402611422
3.10288509437
4.41485565786
2.92866325729
2.39212316882
2.24709513707
2.19477682483
2.86963628893
2.84585223529
3.35907260466
1.64517303452
3.12631945348
0.887615017676
2.15944012084
2.57598427769
2.57598427769
1.49517303452
1.31615912232
3.10402611422
0.744258030628
2.18666185144
2.34783248981
2.30658975596
3.20754151665
3.03538156299
2.76415280094
3.12631945348
3.04407593485
