1.33785921877
0.136581066037
0.800629635847
1.79078324972
0.665179190808
1.49378953354
1.13461640411
-0.5
0.538614640192
2.51488753349
0.873673369383
1.59360918045
1.53365425734
1.46240222569
1.40160938113
0.384298268731
1.05902038385
1.83293399208
1.2997861174
0.301160711222
1.11167617686
0.210466267909
0.895685828242
0.0
1.39043292644
0.0742632971796
-0.5
1.90074389801
0.0878491224052
1.90145858107
0.953018536941
1.22598503905
1.79796839916
0.327783388177
-0.5
1.00732859188
2.02038101961
1.04510515151
1.86195300519
1.00657193158
1.92968955299
1.86186136378
1.25588328431
1.81092991013
1.48834329425
-0.5
1.16580968511
0.573344491896
0.286011949861
0.757051041482
1.45568383198
1.48660342167
0.594699464805
1.01389799906
-0.5
1.10600983553
1.86552739024
2.05115521067
1.64098652038
0.342288155398
0.93764857038
0.866889346011
0.641377778697
0.709289519416
1.71944566736
1.62590955072
0.684530977945
1.12063153852
0.665643741946
1.13189254845
1.98595299102
1.16250676785
1.07141952833
0.0
1.89897914383
1.49528159379
-0.5
1.76507380062
0.1219570373
1.89292746315
1.50704511673
0.751466237065
-0.5
1.48387977589
2.40938579085
1.20439730918
0.0
0.496983636792
2.03194246391
0.231778269719
1.2314139167
1.80045471839
1.24657226014
1.48817667117
1.18481757345
2.02937590953
0.994843015811
1.03599368501
1.49439089942
1.48098435024
-0.5
-0.5
-0.5
1.85707278266
-0.5
1.84800116254
0.657626428128
0.685515269482
1.17141302483
1.88553971148
-0.5
0.272532026522
1.30420549444
1.04667200964
1.91916245648
1.34416624237
1.48387977589
1.4536820865
0.62118905959
0.35595428167
1.62200931829
1.0134426647
0.166721194873
0.91323325551
0.955222134301
-0.5
0.288236143348
-0.5
1.57905263142
1.70999490061
1.16010506138
1.05506494455
2.32311460071
1.65218737844
0.609037403757
1.12387892476
0.925967823354
0.189529303542
-0.5
1.63293676884
-0.5
1.7038821084
1.73683780985
0.424027846629
1.18313889689
1.07510357767
1.06480531347
0.971343900168
0.904536825662
1.0879962387
1.86494451346
0.0
1.54604016341
1.5199514095
1.03765722397
0.147123038583
1.24661914202
-0.5
0.557039268961
1.33956877088
1.3581771369
-0.5
3.2558772827
1.78683052163
0.309771815798
1.16427253575
0.654450686119
1.09353213093
1.30849075929
1.0739563251
0.820790531547
1.02908589624
0.0
0.681541675277
1.0167576503
0.0
0.562227699856
0.735506975953
0.493497597964
0.890049375955
1.67723401312
-0.5
1.07987673916
2.39969210406
1.23001272883
1.67084164397
1.12943443095
-0.5
1.40390347495
0.216470856643
0.153861748501
1.46981832631
1.65035854622
1.40153590581
-0.5
1.42287451934
1.10595552781
-0.5
-0.5
1.67987431615
0.69027010093
1.77062682285
0.983577150184
2.27297850572
2.28709525623
1.95005084622
1.31241797779
0.34061090361
1.77700776568
1.32699555819
1.05160738687
1.29728610654
0.25151721343
1.72913192794
0.0
2.08958052204
1.58381672473
1.5094667996
1.12139220005
1.50297354289
1.43305525652
1.74420879112
1.36284224345
0.906651522482
2.16317712699
1.98824824026
1.46293195487
1.26588566516
1.228484521
1.54610389277
2.38438917647
1.63336129602
1.2790298375
1.61925959243
0.635754764363
0.716977855114
1.29581340409
1.21200585493
0.999201572011
0.735919460771
1.87178991566
0.542397054337
1.18326318455
1.62108600566
0.735511144909
2.60565613749
1.72964090308
1.71653114363
0.912354930166
1.35928399186
