3.01585944346
4.92603726478
2.12905281041
3.11554693234
2.8615203048
3.44612120878
3.25840618422
1.21380838796
1.78969150931
6.67521840858
4.52606750297
4.78160441455
4.22136814748
2.98901865723
3.07845763486
5.5012890841
3.23750887743
3.75797248595
5.52182054163
0.761699069094
2.81002724041
0.607505279433
2.1016775337
3.21840190403
4.14497211671
3.42358203311
3.23452363555
4.86319765413
4.68204569988
4.62219834568
2.1016775337
2.10060048657
4.85627090757
0.797812443021
0.778717970346
4.6738960072
4.15307339361
4.56191773523
4.68204569988
2.94833488453
4.50546308832
7.20651273893
5.03024529287
6.20632242977
4.97269303171
3.62120685716
2.86972504844
1.79361668716
1.82905281041
2.12905281041
3.23452363555
4.08726740165
4.66779322777
2.81002724041
3.5493463954
4.63336935946
4.49438435639
4.68204569988
4.83807480315
1.82905281041
2.83739469417
4.19686350562
1.126337569
2.34312744924
4.24531528797
4.05565491583
2.07434388901
3.36528715659
3.05557994169
3.36977527276
4.46309449116
4.15307339361
4.60704569988
2.12905281041
5.29682054163
3.37845763486
-0.5
4.76591864658
3.25155325495
4.51287387809
3.25707740737
1.99535014495
4.27186350562
2.04269600219
5.59682054163
5.06727175677
3.37845763486
1.46242957411
6.77147087521
3.00952363555
3.73191487523
4.86065705775
2.20693132489
3.30952363555
4.05261454377
3.73191487523
3.10815858923
2.12905281041
4.68204569988
4.56191773523
-0.5
3.83457476043
-0.5
4.72105904359
4.05673889686
4.68204569988
1.62455908158
4.64806743449
2.12905281041
5.00670830042
3.28214835885
4.27186350562
3.98737492876
3.96224497433
6.00629429213
3.42358203311
4.66936913349
3.76625166348
3.42358203311
4.133333698
4.15524141175
4.15307339361
2.12905281041
3.09204082691
3.76630676982
2.12905281041
1.27179382928
3.0723340473
3.62120685716
4.94254891514
4.15307339361
3.21707931695
4.08726740165
5.42327128222
2.40120042456
3.37794496921
4.63518949042
0.840241990135
0.783513962203
5.59682054163
1.07080722983
3.36487095071
3.23452363555
1.27510318593
3.22845763486
3.25840618422
3.75797248595
2.09943186515
5.03024529287
4.68204569988
6.67521840858
3.97186350562
3.23999454279
4.15307339361
2.67479581533
3.28214835885
3.40854759034
4.27186350562
3.30952363555
5.34216400983
5.41136554025
0.922863036172
7.93274503272
4.08726740165
4.97612164206
2.12905281041
2.1016775337
3.09085944346
-0.5
2.44977813309
1.92731067792
2.40120042456
4.66936913349
2.382044995
2.80860834545
3.65003775338
1.62455908158
2.12905281041
1.38390091612
2.12905281041
3.75797248595
2.12905281041
2.12905281041
5.15627090757
3.1280881937
4.49929949919
4.97612164206
3.21115914688
4.07423143037
0.797812443021
3.00952363555
2.93869238983
4.62346817021
3.96926064107
3.42358203311
4.15307339361
4.27186350562
2.01311204921
1.2606687109
3.75797248595
2.70998027986
4.57713288599
4.69132423257
5.06727175677
4.64674997394
4.40359422663
1.24297938127
1.96454585431
3.73191487523
2.27470423894
2.04269600219
5.2581379235
4.88290160528
4.56191773523
3.4097031582
5.54573775794
4.79489103602
4.68344666869
3.13881986291
3.75797248595
4.49774359748
4.56191773523
4.68204569988
4.86754891514
6.97599740125
4.78437979614
3.43621554543
3.18241648986
3.09085944346
4.27186350562
4.23024141175
5.46297954635
2.57288101947
4.72105904359
1.55332628093
3.31987402144
3.75797248595
3.75797248595
2.05405281041
1.96454585431
4.68204569988
1.3024515536
3.20647820016
3.54620685716
3.58420994889
4.86319765413
4.56191773523
4.08726740165
4.72105904359
4.57713288599
