2.75814184034
2.58616974464
2.1502469343
2.47926003039
1.70684730269
3.46467856209
2.44991955833
1.09732911743
1.66710568739
6.92462511164
2.35533172083
3.66476729139
4.25961675524
3.38982560079
3.50536460376
4.13278325321
2.83721200825
3.77644664025
3.31178705801
0.930952370739
2.93802891978
0.701554226362
1.94858239044
3.45612603283
3.3794157977
2.87085737476
2.90183155547
4.33581299338
2.58756759941
4.39375082578
2.0100617898
2.6129325863
5.03608514004
1.09261129392
0.915107107674
2.71609530627
3.38848543873
2.90035050505
4.43883324963
2.6005557154
4.23914519204
4.55342676814
4.66212879193
3.9947663671
3.44341372396
3.63850877139
2.81147088019
1.91114830632
1.31358580168
1.80128124938
2.98862533546
3.71264530869
3.28699511031
2.7210289292
3.16456606265
3.14976763357
4.40360981932
4.91434452939
4.20606617904
1.51443400453
2.20548362258
2.30629782004
1.0326627711
2.36429839805
3.78704111342
4.09894632562
1.50399214871
3.15210512839
2.29561150733
2.63701024923
4.28650997005
2.90280033728
3.39627471757
2.22230492068
4.94970637125
3.03982753484
-0.5
4.57510786037
2.23475867091
4.56873256947
3.71607631502
1.76804535162
3.21387901524
2.14854365255
5.98961930282
3.21902785686
3.30217921203
1.12373198767
5.0289027204
1.69455117872
2.92394986671
4.45139700462
2.45385197823
3.01614445946
2.7337345627
4.19256315363
2.7412493346
1.89775672782
3.74199333135
3.76994783414
-0.5
3.47151699549
-0.5
4.24579816444
3.62405616169
4.42689964624
1.85513201818
3.89786049714
2.15471008275
4.32270286816
2.90183155547
3.43757614628
3.75440720559
3.17637049575
4.8416526327
3.31388747458
4.42744424564
3.89769028834
1.97882849748
3.46587405714
3.69801459508
2.46701672124
1.53726652705
1.91837985755
2.85692282
1.23641309826
1.44535157706
3.34231513272
3.63850877139
4.76769133536
2.750530088
2.79846209587
3.39598522218
4.04895792815
1.96492029554
2.52374973724
2.69053662018
0.631764345138
1.04181761836
4.40608552578
1.21216786269
3.50536460376
2.91238485524
1.40030363804
3.05734103668
2.44941933296
2.42209091538
2.23781300056
3.86341974954
2.84887635123
4.53939837821
3.70805911245
3.40346721137
3.68759847421
2.66879797412
2.12084397887
2.74199464344
2.84322595696
2.30507162681
3.61001043864
3.61424977544
0.955251018838
9.55662797937
4.01165729433
3.06140712138
2.26053808214
1.24357642085
2.42799372818
-0.5
2.24652108366
1.99912633323
3.02160945355
4.48109101454
2.01711275695
2.57252550099
3.63915057072
1.65836911862
1.60696253
1.73807561621
1.92979421615
2.86310950005
1.96595702249
2.04403357497
5.66564034687
2.8481193525
3.75465733177
2.94811476982
4.29931947936
3.65884491649
0.721569522143
2.12200857789
3.2107979298
4.20577246959
3.60234190827
2.77818665152
3.76613482102
2.84998340202
1.82133227527
1.45008285313
4.01502634027
2.30090033643
3.86042274283
3.91288582147
5.77356471602
5.00614880481
4.25016948741
1.3351997337
1.81289525147
4.10044255225
2.77054074953
1.94980240068
3.83026190674
3.26002870941
2.23446377097
3.39354142293
4.8263795179
4.1180618513
3.76766710977
2.559869425
3.30852292076
3.79439471471
3.15459840168
4.32171162295
3.12565049325
5.47517375665
4.76175339345
3.54662025417
2.95572999497
2.8505039589
4.05960134837
5.61463058822
4.83128979015
2.78221622204
3.74696379295
1.82751588121
2.03344470223
2.72886753897
2.87335284977
2.16400524004
1.75306486924
4.63513305221
1.80799018112
2.97198839296
3.77862001886
2.32434781135
6.51885379162
3.82102523249
3.97177047878
3.45246442039
3.23465034322
