2.36847103104
0.330669422599
1.63979962648
3.84008688718
2.36847103104
2.61314727444
2.61314727444
-0.5
1.27835107808
4.97039410137
3.45350757563
3.85238288128
2.90591984668
2.21972294401
2.19889831062
0.741013160121
2.31192754494
2.96998034711
4.15844324402
0.544070763638
2.00716231458
0.433932342452
1.63979962648
0.0
3.08252121693
0.149845386805
-0.5
3.75942689581
0.202903956774
3.58728453263
1.63979962648
1.62225576683
3.54019350541
0.569866030729
-0.5
3.43567709463
3.25219528115
3.54422695374
3.63003264277
2.41013769771
3.63003264277
5.37766782939
2.81101881056
4.71880173555
3.61281415991
-0.5
2.14117374192
1.28115477655
0.910181967027
1.80646629315
2.64965973968
3.20519100118
1.76909552752
2.00716231458
-0.5
3.46471749867
3.49598882599
3.63003264277
3.74148200225
0.737954915562
2.02671049583
3.21204536116
0.938144893251
1.67366246374
3.37976578299
3.14478624344
1.63979962648
2.40377654042
2.03584883957
2.5475888135
3.47363892226
3.25219528115
3.44582211645
0.0
3.94133798086
2.69889831062
-0.5
3.52605445255
0.270343850913
3.32597823432
2.42227553029
1.62225576683
-0.5
1.80646629315
4.28344324402
3.78614649293
0.0
1.04459255294
5.12247919658
0.594254128109
2.95136776802
3.70761218411
1.80646629315
2.64965973968
3.08552861449
2.95136776802
1.80646629315
1.80646629315
3.63003264277
3.54422695374
-0.5
-0.5
-0.5
3.65789931685
-0.5
3.63003264277
1.16039934399
1.76909552752
1.80646629315
3.65979606717
-0.5
0.454220044203
2.82707245959
2.81886194782
4.57592449438
2.64965973968
1.80646629315
2.75267975963
2.44541573794
0.712690940328
3.18231529411
3.25219528115
0.324937082342
2.46676365817
2.61106171733
-0.5
0.547691981363
-0.5
2.83657632654
3.79527303462
3.25219528115
2.42564727444
3.20519100118
4.1594794873
1.7151431604
2.63926745452
3.50572540381
0.600172850097
-0.5
4.11677657735
-0.5
2.63071649243
2.64965973968
0.910787989948
2.44889831062
2.61314727444
2.96998034711
1.59218057886
2.09098646912
3.63003264277
4.9912274347
0.0
2.52465973968
3.25219528115
2.07578036058
0.345839568821
2.53441870571
-0.5
0.928398781601
4.10487181545
3.92684151242
-0.5
5.50751629321
3.20519100118
0.838285768844
1.80646629315
1.63979962648
2.36847103104
3.71508688718
1.93478906994
1.62225576683
1.7151431604
0.0
1.68854846844
2.00614881818
0.0
1.16039934399
1.80646629315
0.996720768906
1.63979962648
2.96998034711
-0.5
1.80646629315
3.96876493398
2.414282926
3.35238674469
3.84008688718
-0.5
3.04958994562
0.569866030729
0.336968337532
2.3122263735
3.30247726444
2.81673174325
-0.5
3.25219528115
3.25371202782
-0.5
-0.5
2.96998034711
1.9357001999
3.55509491856
3.53057448329
4.11947982626
3.7119642671
3.40798890855
3.84008688718
0.657800671036
2.95136776802
1.83907445639
1.80646629315
4.1594794873
0.419195355717
3.54422695374
0.0
4.15844324402
3.66787425445
3.48164911803
2.28961786268
2.96998034711
3.44582211645
4.31807457524
3.63003264277
3.69110636796
5.26856957232
3.65338150083
2.61515396102
2.55886892133
2.49347103104
2.49347103104
3.30731529411
4.02190478248
1.83777215676
3.65789931685
1.10951877209
2.54570951658
2.96998034711
2.96998034711
1.63979962648
1.75646629315
3.63003264277
0.930322538285
2.37630516918
2.83657632654
2.48647062647
3.72371261009
3.54422695374
3.20519100118
2.36847103104
3.55509491856
