1.94655177087
1.64056073486
1.42348149392
1.52857678245
1.05158760547
2.32755850866
1.69631614156
0.658397470458
1.02616673079
4.45477506699
1.42783259591
2.30671270283
2.87192905787
2.28210577816
2.24564755678
2.57862262927
1.89459594388
2.66586798415
2.16207223481
0.577890542997
1.94027030758
0.420932535817
1.41148252164
2.41292779868
2.32984780641
1.79103362261
2.03276559995
2.94434493888
1.70715842753
3.018000311
1.47866179718
1.92982311999
3.1502225126
0.655566776354
0.549064264604
1.79550827284
2.36400518828
1.84021030303
2.96858034358
1.64932612113
2.62576537418
3.03205606089
2.92592330522
2.74685982026
2.3361403709
2.48310526283
1.95088721327
1.14668898379
0.788151481008
1.20457827344
1.99734186794
2.54226754047
2.09525325303
1.63261735752
2.10035801174
1.99601573808
3.04216589159
3.2967249176
2.74563563959
0.908660402721
1.43845084992
1.48377869202
0.874637644267
1.41857903883
2.50960599226
2.55861204749
1.06592267496
1.99126307704
1.50973136223
1.80483424805
2.90523931537
1.90834686903
2.09697928655
1.63338295241
3.15444773748
2.15722985424
-0.5
3.03622428968
1.46868186001
3.0295199448
2.46863250291
1.17169210067
2.21999407581
1.50276938331
3.94377158169
2.01475004745
2.28130752722
0.674239192603
3.2759323464
1.09007610498
2.00609452976
2.96630082014
1.76397785361
2.14302000901
1.78189049966
2.80887122551
1.84927300154
1.40532070336
2.44519599881
2.46196870048
-0.5
2.24572132684
-0.5
2.92922871419
2.2144063722
2.92613978774
1.1472651625
2.33871629828
1.59282604965
2.83920298969
2.0440152925
2.26319960341
2.47503487315
1.94077184543
3.13832491295
2.18833248475
3.05646654739
2.48258145949
1.18729709849
2.25893575916
2.51214209038
1.62021003275
1.12235991623
1.29719369726
1.89474780556
0.891847858954
0.867210946238
2.35348619423
2.48310526283
3.08803340701
1.83888948137
1.82960796913
2.37092446664
2.72937475689
1.17895217733
1.55598316091
1.67142342459
0.379058607083
0.625090571016
2.91031798213
0.727300717615
2.49416097283
2.00993091314
0.84501554512
2.08440462201
1.70298493311
1.5599212159
1.59282753566
2.42305184972
1.84265914407
3.02363902692
2.28862199644
2.28757123181
2.56255908453
1.93111395698
1.4561494301
1.90493079793
1.85593557418
1.56304297608
2.25431817518
2.29558129919
0.573150611303
6.13397678762
2.8069943766
1.97017760616
1.68965618262
0.906219325143
1.62346290357
-0.5
1.53601056375
1.26498104494
2.01296567213
3.02198794205
1.24286334176
1.6835153006
2.32106389176
1.02387598069
1.1187743967
1.09711973254
1.42454319635
1.91786570003
1.44624088016
1.49308681165
3.79938420812
1.81380308784
2.64062760941
1.90886886189
2.84843903605
2.37217575798
0.432941713286
1.28903034169
2.2717349549
2.69013014842
2.38131414525
1.66691199091
2.59718089261
1.94332337455
1.18482898456
0.870049711877
2.74823479764
1.38054020186
2.63081741678
2.45407657306
3.65264962975
3.21906647609
2.93837486222
0.909324250912
1.13075081561
2.76026553135
2.01232444972
1.35978649977
2.45539137366
2.10313917527
1.44067826258
2.33343404114
3.19636264402
2.68002274962
2.47072477314
1.7960595479
2.27678041912
2.44874597272
2.05942570768
2.78009096871
1.98789029595
3.54091156845
3.17075430283
2.5279721525
1.99010466365
1.92363570868
2.72742747569
3.76877835293
3.11416517651
1.90266306655
2.53933602052
1.09650952873
1.28128631334
1.78137214716
1.92401170986
1.52340314402
1.11205805216
3.05607983133
1.08479410867
1.98280402335
2.49217201131
1.45204641685
4.31131227497
2.62594847283
2.68306228727
2.16404058314
2.2074568726
