2.75814184034
0.455270220124
2.1502469343
4.72699354846
1.70684730269
3.46467856209
2.44991955833
-0.5
1.74235183094
6.92462511164
2.50391123128
4.14536393483
4.25961675524
3.38982560079
3.50536460376
1.2809942291
2.83721200825
3.77644664025
3.31178705801
0.930952370739
2.78816301379
0.701554226362
1.94858239044
0.0
3.3794157977
0.247544323932
-0.5
4.33581299338
0.292830408017
4.39375082578
2.0100617898
2.6129325863
5.03608514004
1.09261129392
-0.5
2.71609530627
4.40127006538
2.90035050505
4.43883324963
2.66801210309
4.68229850998
4.55342676814
3.98368616845
3.9947663671
3.44341372396
-0.5
2.81147088019
1.91114830632
0.953373166202
1.80128124938
2.81061277326
3.71264530869
1.98233154935
2.79632666354
-0.5
3.14976763357
4.40360981932
4.91434452939
4.20606617904
1.14096051799
2.30910674868
2.30629782004
1.0326627711
2.36429839805
3.78704111342
4.09894632562
1.50399214871
3.15210512839
2.21881247315
2.63701024923
4.28650997005
2.90280033728
3.17841597163
0.0
4.90010380838
3.03982753484
-0.5
4.57510786037
0.406523457666
4.56873256947
3.71607631502
1.76804535162
-0.5
2.6129325863
5.98961930282
3.18502806765
0.0
1.65661212264
5.0289027204
0.772594232397
2.69410699507
4.06193239464
2.45385197823
3.01614445946
3.04198450409
4.43125303178
1.91614338604
1.89775672782
3.74199333135
3.76994783414
-0.5
-0.5
-0.5
4.24579816444
-0.5
4.42689964624
1.85513201818
2.28505089827
2.15471008275
4.79074579752
-0.5
0.908440088405
3.24208849025
3.4277955877
4.8416526327
3.31388747458
2.6129325863
3.89769028834
2.07063019863
1.18651427223
3.97753106095
2.50314221567
0.555737316245
1.91837985755
2.92422529616
-0.5
0.960787144494
-0.5
3.63850877139
4.76769133536
2.78368353794
2.79846209587
5.41038200236
4.04895792815
2.03012467919
3.2201192917
2.72134201988
0.631764345138
-0.5
4.40608552578
-0.5
3.50536460376
3.45612603283
1.41342615543
2.77712965629
2.44941933296
2.73268437824
2.23781300056
1.84845608554
2.84887635123
4.53939837821
0.0
3.40346721137
3.63653742358
2.29219074656
0.490410128611
2.74199464344
-0.5
1.8567975632
3.61001043864
3.80619230818
-0.5
9.55662797937
4.01165729433
1.03257271933
2.26053808214
1.24357642085
2.70529228829
3.63246919765
2.24652108366
1.99912633323
3.4302863208
0.0
2.19505119829
2.57252550099
0.0
1.52140376875
1.54891214207
1.3531342438
1.92979421615
3.84078004374
-0.5
2.04403357497
5.66564034687
2.8481193525
3.75465733177
2.94811476982
-0.5
3.65884491649
0.721569522143
0.512872495002
3.2107979298
5.50119515405
3.60234190827
-0.5
3.57624839779
2.61707398158
-0.5
-0.5
3.58708105385
2.30090033643
3.86042274283
2.83180687488
5.77356471602
5.37610183449
4.25016948741
3.21061840549
1.1353696787
4.10044255225
2.77054074953
1.94980240068
3.44928702182
0.838390711434
4.20821753759
0.0
4.8263795179
4.1180618513
3.76766710977
2.559869425
3.30852292076
3.79439471471
4.45291819261
4.0362285308
2.55550507494
5.47517375665
4.76175339345
3.56393984956
2.95572999497
2.8505039589
3.41756853145
5.61463058822
4.83128979015
2.96713649537
3.74696379295
1.82751588121
2.03344470223
3.13555448424
2.87335284977
2.16400524004
1.75306486924
4.63513305221
1.80799018112
2.97198839296
3.77862001886
2.37608653241
6.51885379162
3.82102523249
3.97177047878
2.38493310055
3.23465034322
