1.16129325863
0.0661338845198
0.86129325863
1.56801737744
1.07369420621
1.32262945489
1.32262945489
-0.5
0.28810744755
1.66074548694
1.09070151513
1.57047657626
1.36107523734
1.16129325863
1.16129325863
0.148202632024
0.829714311261
1.39399606942
1.4316886488
0.259499580127
1.16129325863
0.0867864684905
0.86129325863
0.0
1.12176740128
0.0299690773609
-0.5
1.55188537916
0.0405807913548
1.51745690653
0.86129325863
0.829714311261
1.46740907223
0.113973206146
-0.5
1.13157986337
1.45043905623
1.50884539075
1.52600652855
1.14869420621
1.52600652855
1.78664467699
0.656321409172
1.74376034711
1.16129325863
-0.5
0.829714311261
0.256230955309
0.182036393405
1.16129325863
1.32993194794
1.44103820024
0.353819105504
1.16129325863
-0.5
1.18385259064
1.4991977652
1.52600652855
1.54829640045
0.147590983112
0.977102662861
1.24240907223
0.692892136545
0.334732492748
1.4759531566
1.13422040658
0.86129325863
1.16129325863
0.407169767915
1.16129325863
1.49472778445
1.45043905623
1.19442758119
0.0
1.52115249064
1.33977966212
-0.5
1.21047404841
0.0540687701826
1.43803595193
1.16129325863
0.829714311261
-0.5
1.16129325863
1.6566886488
1.16129325863
0.0
0.208918510587
1.82449583932
0.118850825622
1.3902735536
1.46152243682
1.16129325863
1.32993194794
1.15043905623
1.3902735536
1.16129325863
1.16129325863
1.52600652855
1.50884539075
-0.5
-0.5
-0.5
1.53157986337
-0.5
1.52600652855
0.664471083913
0.353819105504
1.16129325863
1.37600652855
-0.5
0.0908440088405
1.07067764981
0.67043905623
1.71518489888
1.32993194794
1.16129325863
0.920841038845
0.489083147588
0.142538188066
1.39290540859
1.45043905623
0.0649874164684
1.14598431058
0.631303252557
-0.5
0.109538396273
-0.5
1.31017240817
1.52572127359
1.45043905623
0.985129454889
1.44103820024
1.63189589746
0.34302863208
1.06902996149
1.25766681989
0.120034570019
-0.5
1.3566886488
-0.5
1.2170523894
1.32993194794
0.18215759799
1.16129325863
1.32262945489
1.39399606942
0.775578972915
1.21819729382
1.52600652855
1.69824548694
0.0
1.10493194794
1.45043905623
1.01515607212
0.0691679137641
1.16129325863
-0.5
0.18567975632
1.33526007738
1.09414875166
-0.5
1.72093344834
1.44103820024
0.167657153769
1.16129325863
0.86129325863
1.07369420621
1.34301737744
0.844100671132
0.829714311261
0.34302863208
0.0
0.400867588425
1.16129325863
0.0
0.763944768124
1.16129325863
0.377121931559
0.86129325863
1.39399606942
-0.5
1.16129325863
1.5937529868
1.16129325863
1.20381068227
1.56801737744
-0.5
1.32427059414
0.113973206146
0.0673936675065
1.11507685365
0.660495452887
1.16129325863
-0.5
1.45043905623
1.31740907223
-0.5
-0.5
1.39399606942
0.38714003998
1.51101898371
1.04295700192
1.62389596525
1.54239285342
1.42445492457
1.56801737744
0.131560134207
1.3902735536
0.967814891277
1.16129325863
1.63189589746
0.0838390711434
1.50884539075
0.0
1.4316886488
1.29009659002
1.16129325863
1.16129325863
1.39399606942
1.19442758119
1.66361491505
1.52600652855
1.33822127359
1.85371391446
1.51745690653
1.1230307922
1.31177378427
1.29869420621
1.29869420621
1.46146305882
1.18591941803
1.16129325863
1.53157986337
0.368599421823
0.998030792205
1.39399606942
1.39399606942
0.86129325863
1.07129325863
1.52600652855
0.186064507657
1.16129325863
1.31017240817
0.586183014183
1.48759966488
1.50884539075
1.44103820024
1.07369420621
1.51101898371
