1.0
0.727272727273
0.705882352941
1.0
0.805555555556
1.0
1.0
-0.5
0.444444444444
0.833333333333
0.666666666667
1.0
1.0
1.0
1.0
0.25
0.631578947368
1.0
1.0
0.444444444444
1.0
0.784663865546
0.666666666667
0.0
0.666666666667
0.705882352941
-0.5
1.0
0.421052631579
1.0
0.666666666667
0.631578947368
1.0
1.0
-0.5
0.736842105263
1.0
1.0
1.0
0.833333333333
1.0
1.0
0.467492260062
1.0
1.0
-0.5
0.666666666667
0.928571428571
0.576923076923
1.0
1.0
1.0
0.307692307692
1.0
-0.5
0.879545454545
1.0
1.0
1.0
0.555555555556
1.0
0.861111111111
0.631578947368
0.761904761905
1.0
0.631578947368
0.666666666667
1.0
0.5
1.0
1.0
1.0
0.631578947368
0.0
1.0
1.0
-0.5
0.631578947368
0.821428571429
1.0
1.0
0.631578947368
-0.5
1.0
1.0
1.0
0.0
0.526315789474
1.0
0.6
1.0
1.0
1.0
1.0
0.666666666667
1.0
1.0
1.0
1.0
1.0
-0.5
-0.5
-0.5
1.0
-0.5
1.0
0.6
0.705882352941
1.0
1.0
-0.5
0.4
0.631578947368
0.560784313725
1.0
1.0
1.0
0.545454545455
0.631578947368
0.75
1.0
1.0
0.619298245614
0.815789473684
0.181818181818
-0.5
1.0
-0.5
0.928571428571
1.0
1.0
0.666666666667
1.0
1.0
1.0
0.744485294118
0.773913043478
0.266666666667
-0.5
0.666666666667
-0.5
1.0
1.0
0.333333333333
1.0
1.0
1.0
0.6
1.0
1.0
1.0
0.0
0.75
1.0
1.0
0.625
1.0
-0.5
0.333333333333
1.0
0.772727272727
-0.5
1.0
1.0
0.526315789474
1.0
0.833333333333
0.805555555556
1.0
0.571428571429
0.631578947368
1.0
0.0
0.133333333333
1.0
0.0
0.947368421053
1.0
0.222222222222
0.666666666667
1.0
-0.5
1.0
1.0
1.0
1.0
1.0
-0.5
1.0
0.181818181818
0.266666666667
0.815789473684
1.0
1.0
-0.5
1.0
1.0
-0.5
-0.5
1.0
0.696142093201
1.0
0.666666666667
1.0
1.0
1.0
1.0
0.4
1.0
0.861111111111
1.0
1.0
0.3
1.0
0.0
1.0
0.695652173913
1.0
1.0
1.0
0.631578947368
1.0
1.0
0.779411764706
1.0
1.0
0.826923076923
1.0
1.0
1.0
1.0
0.633333333333
1.0
1.0
0.25
0.676691729323
1.0
1.0
0.666666666667
0.9
1.0
0.222222222222
1.0
0.928571428571
0.444444444444
0.928571428571
1.0
1.0
0.805555555556
1.0
