2.38752077464
2.1791338901
1.81487044909
2.09402354201
1.4133420279
2.95382755441
2.11907872998
0.973202039648
1.43660158105
5.73970008932
1.91490440005
3.0171076453
3.56577290655
2.89489555025
2.91871064288
3.36241271405
2.38911750453
3.2211573122
2.79229535853
0.821839487802
2.46085182081
0.691982696409
1.71682222588
2.93452691575
2.88149841215
2.40877290542
2.48704727049
3.65436468042
2.23228153509
3.70587556839
1.78288590141
2.27137785314
4.11519242495
0.874089035138
0.732085686139
2.3117052161
2.89368180003
2.46678975102
3.72301366017
2.1983422483
3.43245528311
3.83515007139
3.84721720915
3.37735578609
2.92539753863
3.09390945577
2.40409032239
1.65216784155
1.06810536835
1.55206415834
2.49925360327
3.13995642458
2.75207088258
2.26394667489
2.6782437881
2.67180022647
3.72288785545
4.12554370795
3.52122442194
1.25562363047
1.89846379168
1.96218910543
0.975434297765
1.98627232086
3.15938346717
3.3367008064
1.36174336402
2.59119345741
1.9063572882
2.24714252009
3.60859984379
2.52224026982
2.78413857686
1.97784393654
4.08920289193
2.62352869454
-0.5
3.82275905082
1.89878451641
3.79912625714
3.12431085076
1.51486365412
2.75833050218
1.82565651793
4.97554045085
2.62603873487
2.82924336962
1.03923100471
4.17327346675
1.43486500373
2.48828834207
3.71483347972
2.14228378741
2.5998514139
2.29376495448
3.50071718957
2.32053966441
1.66923335321
3.13428993017
3.19944754391
-0.5
2.87581769337
-0.5
3.58751343931
2.93096575861
3.73593391625
1.60413857879
3.12744925058
1.89571430155
3.60686303358
2.49860930315
2.89260209358
3.11965871347
2.60330164959
4.053094098
2.80648925442
3.74195539651
3.19908332587
1.69525166172
2.89573824148
3.13948442892
2.10776824832
1.37807291862
1.63427493445
2.41756547041
1.11331823496
1.19836602799
2.84790066348
3.09830701711
3.98834397326
2.36510144883
2.36103244294
2.90385355135
3.42911759261
1.70565052898
2.1013921773
2.24296412958
0.608616461779
0.942442467425
3.70820175396
1.06694078369
2.99976278829
2.49215312218
1.17801875131
2.5918947983
2.15321258289
2.04350402488
1.95824629836
3.22022043118
2.4120653023
3.81730410492
3.00336049571
2.84551922159
3.13554339432
2.31216484046
1.83423084755
2.35631809135
2.44748704033
1.9909451528
2.97921734376
2.99790334382
0.838349776465
7.84530238349
3.40932583546
2.5908043772
2.00317395969
1.15010577078
2.03922294215
-0.5
1.8912658237
1.68843838021
2.61728756284
3.78487281163
1.66755688709
2.16802040079
3.01271129352
1.4376373828
1.42897516159
1.48109811845
1.73083639264
2.44995031087
1.75523320379
1.83041407903
4.73251227749
2.35983937846
3.19764247059
2.48317156672
3.58924933017
3.05236070065
0.577255617714
1.71850835646
2.74126644235
3.55676402321
3.00267477245
2.29784314507
3.19210393687
2.45653837187
1.5642771682
1.26769747162
3.38647880411
1.97475948465
3.26349060084
3.20475396882
4.71310717288
4.12269329816
3.59427217482
1.19050936773
1.52571982188
3.43848667819
2.3987694551
1.68708928177
3.16601485637
2.72837135153
1.92118384965
2.87889094405
4.01137108096
3.41524720957
3.16294594145
2.2135888072
2.81087454954
3.17664942291
2.69821469786
3.59390589141
2.63167899516
4.53138167573
3.97696813385
3.03729620334
2.53342339226
2.47723411747
3.39975543194
4.69170447058
3.99340861782
2.36785441606
3.18416240386
1.46201270497
1.72875075966
2.31973947075
2.47606917396
1.8794375922
1.47243847006
3.84985197042
1.57839135476
2.51259655254
3.19713996948
1.98256566732
5.41508303329
3.25158658229
3.37741638303
2.87024395663
2.77105360791
