1.16129325863
1.4177642456
1.16129325863
0.656042063485
0.610676790237
1.32262945489
1.32262945489
0.17340119828
0.474165881656
1.81074548694
0.764172206388
1.44103820024
1.36107523734
1.16129325863
0.902222833981
1.37009427622
1.07593628711
1.39399606942
1.4316886488
0.382243750089
1.16129325863
0.0867864684905
1.07916742852
1.16129325863
1.36798937714
0.557938659289
1.16129325863
1.55188537916
1.52600652855
1.51745690653
1.07916742852
1.07593628711
1.46740907223
0.113973206146
0.111245424335
1.39009075421
1.45043905623
1.50884539075
1.52600652855
0.87112052943
0.996258693888
1.88664467699
1.45043905623
1.74376034711
1.55773154641
1.37445812245
1.07593628711
0.256230955309
0.26129325863
1.16129325863
1.16129325863
1.44103820024
1.3717824159
0.401432462915
1.07916742852
1.26851081099
1.4991977652
1.52600652855
1.54829640045
0.26129325863
0.903542840897
1.24240907223
0.889591028744
0.334732492748
1.21688273195
0.850977668437
0.997166494447
1.16129325863
1.16129325863
1.18212845901
1.49472778445
1.45043905623
1.30100652855
1.16129325863
1.54944233327
1.33977966212
-0.5
1.45669602426
1.15602080614
1.43803595193
1.16129325863
0.760185262269
1.46740907223
0.902222833981
1.6566886488
1.16129325863
1.33977966212
0.208918510587
1.82449583932
0.944933922209
1.3902735536
1.55152243682
1.16129325863
1.32993194794
1.14906250669
1.3902735536
1.16129325863
1.16129325863
1.52600652855
1.50884539075
-0.5
0.906645414574
-0.5
1.53157986337
0.822035245951
1.52600652855
0.739818212635
0.664009633499
1.16129325863
1.52600652855
1.24780611783
1.46740907223
1.42676784697
0.819807949982
1.71518489888
1.32993194794
1.5241955905
0.818643621452
0.489083147588
1.05181964938
1.39290540859
1.45043905623
1.16129325863
1.04064679541
1.12740071285
1.16129325863
0.181684832754
1.16129325863
1.37445812245
1.56322127359
1.45043905623
1.19864885308
1.44103820024
1.63189589746
0.34302863208
0.929706265993
1.27397120387
0.120034570019
0.111930566029
1.6566886488
0.152972461404
1.29901960968
1.16129325863
0.198268287903
1.16129325863
1.32262945489
1.39399606942
1.07243042285
0.993197293824
1.52600652855
1.81074548694
0.860491018494
1.12134466967
1.45043905623
1.22126600367
1.24780611783
1.16129325863
1.46740907223
1.32993194794
1.16129325863
1.10032364467
0.131837576596
1.99039214753
1.44103820024
1.56801737744
1.16129325863
1.07916742852
1.29869420621
-0.5
0.753035262351
0.556066861156
1.16129325863
1.5241955905
0.549835848074
1.16129325863
0.963634659037
0.643852255235
1.16129325863
0.551502007387
1.16129325863
1.39399606942
1.16129325863
1.16129325863
1.5937529868
0.741990440143
1.42168485216
1.56801737744
1.03483848193
1.32427059414
0.113973206146
0.429931947936
1.19875062286
1.16129325863
1.16129325863
0.489083147588
1.45043905623
1.46740907223
0.813470975043
0.180095530129
1.39399606942
0.38714003998
1.51101898371
1.46740907223
1.51631597804
1.45043905623
1.43596990284
0.708774901651
0.667772390331
1.3902735536
1.16129325863
0.902222833981
1.1364958213
1.45418454167
1.50884539075
1.2684936305
1.50344029774
1.10448043807
1.16129325863
1.16129325863
1.39399606942
1.07593628711
1.50884539075
1.52600652855
1.33822127359
1.85371391446
1.38618301418
1.3480307922
1.31177378427
1.29869420621
1.46740907223
1.46146305882
1.25516566298
1.16129325863
1.53157986337
0.221903754419
0.999006220231
1.39399606942
1.39399606942
0.93629325863
0.667772390331
1.52600652855
0.186064507657
1.16684550272
1.14945812245
1.02896956303
1.55188537916
1.50884539075
1.44103820024
1.53157986337
1.51101898371
