3.66824785588
0.650760516233
2.41830599433
6.11215639693
3.66880341143
4.52546411054
3.903665094
-0.5
2.33853194055
8.28004271579
5.82015978998
6.1342891863
5.10757880095
3.83413766285
3.98718362577
1.34632368822
4.03434254127
4.54596462479
6.88853117257
1.01542363123
3.62827678162
0.816372334061
2.41830599433
0.0
5.04327503259
0.340309931542
-0.5
5.96696841246
0.407332385351
5.65711215873
2.41830599433
2.4147972224
6.25806259545
1.04094147375
-0.5
5.73977432589
5.05395150607
5.57960851672
5.73405875699
3.67158118921
5.73405875699
8.9686909818
4.96571621196
7.69384312398
6.06670185148
-0.5
3.49358641966
2.39893574064
1.66909677142
2.45163932767
3.96938753142
4.96934380212
3.2010386162
3.69377451918
-0.5
5.77217331579
5.49277988678
5.73405875699
5.93466760404
1.38387440357
3.7480788925
5.1927927612
1.18339764996
3.08878291092
5.28357840938
5.1553520803
2.41830599433
4.32679777276
3.67991252662
4.0803967064
5.45255006006
5.05395150607
5.69721665172
0.0
6.89572415502
4.05801695911
-0.5
5.8416348567
0.515190360215
5.53314091227
4.05533404976
2.4147972224
-0.5
2.45163932767
6.91019783923
6.54839702061
0.0
1.91478671913
8.42046255384
1.1296574306
4.51246198244
5.95370193139
2.63272122724
3.96938753142
5.02061817274
4.51246198244
2.45163932767
2.45163932767
5.73405875699
5.57960851672
-0.5
-0.5
-0.5
5.78421877033
-0.5
5.73405875699
2.14871881918
3.22647721269
2.45163932767
6.3295079209
-0.5
0.857596079565
4.58346726937
4.99261713785
7.43666408988
4.46490622302
2.45163932767
4.85482356733
4.46490622302
1.35784369259
5.1406675294
5.05395150607
0.611553414882
3.78754300577
4.59536563665
-0.5
1.08584556645
-0.5
4.36298024492
6.06482479566
5.05395150607
4.01144833166
4.96934380212
6.68706307714
3.18725768872
4.21630641814
5.75378398772
1.09281113017
-0.5
6.8768645059
-0.5
4.04438059547
3.96938753142
1.66441838191
4.01135029244
3.903665094
4.54596462479
2.40878218481
2.96377564442
5.73405875699
8.28420938246
0.0
3.94438753142
5.05395150607
3.14057131572
0.637895839262
4.21338754342
-0.5
1.70445114022
6.87448355352
6.866462408
-0.5
9.8246404389
4.96934380212
1.56154596287
2.45163932767
2.41830599433
3.66880341143
6.09826750804
3.02547746876
2.4147972224
3.18725768872
0.0
2.98096619056
3.63562144415
0.0
2.18345566129
2.45163932767
1.61631960625
2.41830599433
4.54596462479
-0.5
2.45163932767
6.34377688116
4.00654637087
5.50096280711
6.11215639693
-0.5
5.09640475926
1.03825885531
0.606543007558
3.50937589335
6.04445907598
4.99708683482
-0.5
5.05395150607
5.19001498342
-0.5
-0.5
4.54596462479
3.55387456914
5.59917085341
6.01819196465
6.61506368728
5.88153568078
5.39152289254
6.11215639693
1.22404120786
4.51246198244
2.72144513261
2.45163932767
6.68706307714
0.784551640291
5.57960851672
0.0
6.88797561701
6.04565191888
5.9114128569
3.83895921164
4.54596462479
5.69721665172
6.97253423543
5.98661301728
6.0469326388
8.68342523018
6.04275336816
4.11496943754
3.8059640584
3.68824785588
3.68824785588
5.1531675294
6.86457030887
3.3550487057
5.78421877033
2.02213378977
4.09994630278
4.54596462479
4.54596462479
2.41830599433
2.44163932767
5.73405875699
1.69680279113
3.85629667294
4.36298024492
4.38675823876
5.95982555531
5.57960851672
4.96934380212
3.66880341143
5.59917085341
