2.55524432297
2.3497674922
1.96855557421
2.2415892184
1.54303237839
3.18039854874
2.258015879
0.987596205686
1.50687094824
6.30716260048
2.1234569396
3.32525364425
3.9126948309
3.11289564514
3.19043534202
3.74424309723
2.60155799215
3.49880197623
3.02435835221
0.842686913803
2.68858926673
0.631398803726
1.81430742324
3.19532647429
3.11702379988
2.60090143672
2.68456506659
3.98794597976
2.36746530644
4.04981319708
1.87721179165
2.44215521972
4.56461948318
0.983350164531
0.823596396906
2.48594854791
3.13236537612
2.63531545454
4.07127002312
2.36274831683
3.83580023757
4.17308409133
4.22807742025
3.68278973039
3.16535806152
3.34965789425
2.59632496346
1.72003347569
1.18222722151
1.6521055054
2.74080446858
3.42005086663
2.98905964599
2.44892603628
2.89851404993
2.8613296597
4.06324883739
4.50993962644
3.84095854418
1.36299060408
2.00657614246
2.10066803803
0.993156489388
2.12786855825
3.46768233313
3.71386275609
1.39447478027
2.86189461555
2.09914147105
2.42896624894
3.94119230638
2.65418697022
3.07145085982
2.07507442861
4.50089171281
2.81917811469
-0.5
4.19038696769
2.04323946818
4.1839294133
3.404215362
1.61895703888
2.96540778039
1.98710008524
5.47815737254
2.91795840451
3.04696129082
1.0113587889
4.5906601269
1.53974268286
2.69448603247
4.0801229585
2.28138344708
2.79786334685
2.49577354694
3.8466401716
2.51825525134
1.7746477217
3.41779399822
3.44295305072
-0.5
3.16506807833
-0.5
3.91665580188
3.26862562377
4.05170968161
1.67816530426
3.50807444742
2.01423907448
3.95182789854
2.68737748973
3.14398201056
3.43456412248
2.86747083317
4.41582070276
3.03249872712
4.08469982108
3.54391308113
1.78094564773
3.16413948265
3.40154646891
2.25531504912
1.43353987435
1.76308331748
2.61637906639
1.15027178843
1.30081641936
3.0951078981
3.34965789425
4.34777685327
2.52261993635
2.55624856418
3.13972003329
3.71906213533
1.76842826599
2.28180809316
2.43575832128
0.568587910625
0.937635856524
4.03214363987
1.09095107642
3.25256369603
2.68677136971
1.26148161481
2.81410693301
2.262810733
2.20654849051
2.07656663433
3.50332777459
2.59732204944
4.16045854039
3.35319983344
3.12449321648
3.40633862679
2.48437696984
1.95467034167
2.53272868206
2.59640336127
2.11956446413
3.27108737277
3.28458265638
0.859725916954
8.70096518143
3.71049156489
2.78859974258
2.11781760726
1.15708332367
2.22686102203
-0.5
2.06889345368
1.81559001116
2.76944850819
4.11631524642
1.82355040315
2.35027295089
3.30962890098
1.49974583414
1.48491549667
1.57646628102
1.8034814612
2.62679855004
1.83602798691
1.90629688414
5.19907631218
2.58954028633
3.47614990118
2.68830329284
3.93659936853
3.33717762687
0.649412569929
1.91376401884
2.97603218608
3.82686188929
3.29708496752
2.50036798637
3.47389633892
2.62331839515
1.66220645259
1.30507456782
3.69832845461
2.07081030279
3.55302141132
3.54818350937
5.24333594445
4.55937822263
3.92222083112
1.228730863
1.64235914251
3.76539829703
2.58098667458
1.80229842546
3.48654427347
2.97080632587
2.03601739387
3.12113512263
4.41887529943
3.75855207588
3.44343152561
2.36891695573
3.05058729535
3.45798252921
2.88080522818
3.93630645939
2.84121044392
4.9916082096
4.36400362079
3.29195822875
2.71432366214
2.61878689635
3.7265578802
5.1531675294
4.40200863674
2.56232793316
3.44505684984
1.64476429309
1.84540510501
2.49199369102
2.63601756479
2.00385471603
1.59281316497
4.24036974699
1.62719116301
2.72469230056
3.45700801697
2.10627246272
5.96696841246
3.52225604257
3.6495934309
3.13035846108
2.97785197557
