2.69216523725
4.34132509492
1.96775955178
2.7056294542
2.48637971904
2.95381817896
2.93577672933
1.04040718968
1.5340212937
5.86447292164
3.89908495354
4.14055063189
3.7424930168
2.59645200454
2.63867797274
4.81275661612
2.8288122767
3.36397641653
4.84013189282
0.652884916366
2.40859477749
0.520718810943
1.93125918284
2.85809604559
3.68214166012
2.93449888553
2.87959168761
4.31131227497
4.15603917132
4.10474143916
1.93125918284
1.92982311999
4.16251792078
0.683839236875
0.667472546011
4.1265951317
3.70263433738
4.05307234448
4.15603917132
2.60213249202
3.92059568925
6.31986806194
4.31163882246
5.46256208266
4.40353278416
3.24674873471
2.55674564015
1.53738573185
1.56775955178
1.96775955178
2.87959168761
3.64622920142
4.11845809245
2.40859477749
3.12994416691
4.07255960138
3.99518659119
4.15603917132
4.2897784027
1.56775955178
2.432052595
3.70445443339
1.08687981229
2.00839495649
3.74057652863
3.52154204126
1.89481432325
2.88453184851
2.71687402921
3.00516747047
3.96836670671
3.70263433738
4.05603917132
1.96775955178
4.54013189282
3.03867797274
-0.5
4.21438154286
2.90229784682
3.99215404022
2.85490364996
1.78948933117
3.80445443339
1.85261714082
4.94013189282
4.34337579152
3.03867797274
1.25351106352
5.94697503589
2.57959168761
3.34164132163
4.30913462093
1.99879827848
2.97959168761
3.56868920425
3.34164132163
2.72997613851
1.96775955178
4.15603917132
4.05307234448
-0.5
3.34658653612
-0.5
4.18947918022
3.51762162171
4.15603917132
1.39247921279
3.984057801
1.96775955178
4.35658035578
2.94309131868
3.80445443339
3.56060708179
3.43850547027
5.29110939326
2.97959168761
4.14517354299
3.22821571156
2.93449888553
3.61974802323
3.66877835293
3.70263433738
1.96775955178
2.75014182166
3.32648909366
1.96775955178
1.09010899653
2.73921283669
3.24674873471
4.37932764155
3.70263433738
2.88067423964
3.64622920142
4.79137538476
2.05817179248
2.96990518534
4.07498644266
0.720207420116
0.671583396174
4.94013189282
0.917834768422
3.02056239387
2.87959168761
1.09294558794
2.83867797274
2.93577672933
3.36397641653
1.9282649581
4.31163882246
4.15603917132
5.86447292164
3.40445443339
2.88688623061
3.70263433738
2.43254084672
2.94309131868
3.00845773096
3.80445443339
2.97959168761
4.60058985042
4.69285855765
0.791025459576
6.94235288519
3.64622920142
4.40810426462
1.96775955178
1.93125918284
2.79216523725
-0.5
2.16698765463
1.69877004179
2.05817179248
4.14517354299
2.07667680384
2.40737858182
3.20230390432
1.39247921279
1.96775955178
1.18620078525
1.96775955178
3.36397641653
1.96775955178
1.96775955178
4.56251792078
2.70485205119
3.98636372469
4.40810426462
2.84843903605
3.56591527675
0.683839236875
2.57959168761
2.64870209533
3.96297271732
3.44785969259
2.93449888553
3.70263433738
3.80445443339
1.81317187018
1.08057318077
3.36397641653
2.32284023988
4.06611390227
4.04173353176
4.38512586489
4.05435712052
3.90899017267
1.06541089823
1.74841694364
3.34164132163
2.05688934766
1.85261714082
4.57119757313
4.31144876134
4.05307234448
3.05283490358
4.87202151457
4.17982260303
4.07164429438
2.77632830092
3.36397641653
3.91030303479
4.05307234448
4.15603917132
4.27932764155
6.12228348679
4.16580761653
3.08818475323
2.8706427056
2.79216523725
3.80445443339
3.76877835293
4.76167723246
2.20532658812
4.18947918022
1.33142252651
2.93306272124
3.36397641653
3.36397641653
1.86775955178
1.74841694364
4.15603917132
1.11638704594
2.86653941726
3.14674873471
3.15833655125
4.31131227497
4.05307234448
3.64622920142
4.18947918022
4.06611390227
