3.98694206208
6.68017377437
2.6129325863
4.34529936677
3.98694206208
4.92303029826
4.22629454889
1.7340119828
2.55670215616
9.1074548694
6.40701515126
6.70476576255
5.65799353952
4.16671861529
4.39779662123
7.56688648804
4.46359867963
4.93996069421
7.56688648804
1.08814152728
4.01432462915
0.867864684905
2.6129325863
4.29931947936
5.5334634865
4.89083147588
4.29931947936
6.51885379162
6.26006528554
6.17456906526
2.6129325863
2.6129325863
6.93752986796
1.13973206146
1.11245424335
6.3157986337
5.5043905623
6.08845390747
6.26006528554
3.98694206208
6.26006528554
9.8664467699
7.1860647041
8.43760347109
6.68017377437
4.74458122451
3.80866327331
2.56230955309
2.6129325863
2.6129325863
4.29931947936
5.41038200236
6.3157986337
4.01432462915
4.80755308084
6.3157986337
5.99197765198
6.26006528554
6.48296400449
2.6129325863
4.05342099167
5.67409072232
1.24471083913
3.34732492748
5.75953156598
5.65799353952
2.6129325863
4.80755308084
4.07169767915
4.46359867963
5.94727784451
5.5043905623
6.26006528554
2.6129325863
7.56688648804
4.39779662123
-0.5
6.42052995773
4.29931947936
6.07503339171
4.46359867963
2.6129325863
5.67409072232
2.6129325863
7.56688648804
7.23895965253
4.39779662123
2.08918510587
9.24495839315
4.29931947936
4.90273553605
6.51522436822
2.83133046413
4.29931947936
5.5043905623
4.90273553605
4.24270594142
2.6129325863
6.26006528554
6.08845390747
-0.5
5.29853943336
-0.5
6.3157986337
5.67409072232
6.26006528554
2.32079868798
6.64009633499
2.6129325863
6.95709213434
4.29931947936
5.67409072232
5.26767846965
5.5334634865
8.15184898876
4.89083147588
6.24195590499
5.38035951926
4.89083147588
5.67409072232
5.61463058822
5.5043905623
2.6129325863
4.11773784266
5.0857597983
2.6129325863
1.81684832754
4.07169767915
4.74458122451
6.63221273592
5.5043905623
4.39779662123
5.41038200236
7.31895897459
3.4302863208
4.60206432081
6.3157986337
1.20034570019
1.11930566029
7.56688648804
1.52972461404
4.39779662123
4.29931947936
1.8215759799
4.39779662123
4.22629454889
4.93996069421
2.6129325863
7.1860647041
6.26006528554
9.1074548694
5.67409072232
4.29931947936
5.5043905623
3.40156072117
4.29931947936
4.6088171685
5.67409072232
4.29931947936
7.56688648804
7.56688648804
1.31837576596
10.9039214753
5.41038200236
6.68017377437
2.6129325863
2.6129325863
3.98694206208
-0.5
3.29814956846
2.6129325863
3.4302863208
6.24195590499
3.29814956846
4.01229763636
4.99323930055
2.32079868798
2.6129325863
1.97700130875
2.6129325863
4.93996069421
2.6129325863
2.6129325863
6.93752986796
4.39779662123
6.03810682271
6.68017377437
4.29931947936
5.59917989125
1.13973206146
4.29931947936
3.80866327331
6.60495452887
5.5334634865
4.89083147588
5.5043905623
5.67409072232
2.6129325863
1.80095530129
4.93996069421
3.8714003998
6.11018983712
6.64009633499
7.23895965253
6.4239285342
5.88740638853
1.77568483039
2.6129325863
4.90273553605
2.92814891277
2.6129325863
7.31895897459
6.59726013708
6.08845390747
4.48030792205
7.56688648804
6.64009633499
6.51885379162
4.22629454889
4.93996069421
6.26006528554
6.08845390747
6.64009633499
6.63221273592
9.53713914464
6.64009633499
4.48030792205
4.11773784266
3.98694206208
5.67409072232
5.61463058822
7.56688648804
3.67554431353
6.3157986337
2.21903754419
4.48030792205
4.93996069421
4.93996069421
2.6129325863
2.6129325863
6.26006528554
1.86064507657
4.22629454889
4.74458122451
4.86183014183
6.51885379162
6.08845390747
5.41038200236
6.3157986337
6.11018983712
