1.54075673614
1.16775622998
1.06009877372
1.05323515849
0.723957756861
1.75899848195
1.32184964993
0.438931646972
0.706974749485
3.21985004466
0.964083033447
1.62768540854
2.17808520918
1.72824586684
1.61578903329
1.8015423173
1.42328791169
2.1105786561
1.5872148232
0.401359629126
1.44139100148
0.280621690545
1.14293258724
1.89132868161
1.80506381077
1.25112174654
1.59823262219
2.24861091164
1.26695384159
2.33012505361
1.21296180087
1.58826838684
2.20729119887
0.437044517569
0.36604284307
1.33521475613
1.85176506306
1.31014020202
2.23345389055
1.173711324
1.81907546526
2.27137070726
2.05782056187
2.12290654684
1.82004594714
1.90540350855
1.52059537981
0.764459322527
0.525434320672
0.906226785468
1.50171968144
1.95707865636
1.49938232438
1.08841157168
1.56825398629
1.41913979033
2.36144392773
2.48791511171
2.01542036986
0.605773601814
1.05995801659
1.07251912801
0.795625080853
0.945719359221
1.87088843168
1.78844490843
0.846887938088
1.41084205136
1.11679128969
1.38874624746
2.21460398802
1.41112013491
1.44733157105
1.33892196827
2.2568184206
1.71593101394
-0.5
2.28466406349
1.08564345456
2.25991363246
1.84491059686
0.873515475195
1.7230516061
1.1798822487
2.92084772113
1.41261114274
1.77087168481
0.449492795069
2.3994471594
0.800862403794
1.54716686128
2.22375272791
1.41904079129
1.70645778379
1.30596846813
2.11702526145
1.40328483501
1.15910269113
1.79716373258
1.80797913366
-0.5
1.63282349252
-0.5
2.27094398907
1.53285450896
2.18275155006
0.793331734666
1.55914419885
1.3118840331
2.09745305046
1.61510716102
1.67601133197
1.83534870694
1.32297252027
2.28666105308
1.62555498983
2.37097769826
1.77502704507
0.791531398992
1.65546661016
1.91920583803
1.1968066885
0.91490661082
0.986600617119
1.41366029834
0.719565239302
0.578140630825
1.85907172499
1.90540350855
2.24820444284
1.38306917806
1.34518090576
1.85839408887
2.06958317126
0.785968118217
1.07209987275
1.1618668268
0.252705738055
0.416727047344
2.16243421031
0.484867145077
1.98855915736
1.55870394209
0.567371498658
1.59793641467
1.32976773318
1.12883636615
1.2703348032
1.70286789982
1.33955054049
2.26575935128
1.57890343844
1.72962324203
2.00003938968
1.56227194841
1.12380215571
1.48639887518
1.36229038279
1.19202865072
1.58935788184
1.63980873689
0.382100407535
4.42265119175
2.20466291773
1.42456284855
1.40421523285
0.771084480535
1.22119749127
-0.5
1.1807553038
0.8979084008
1.50864378142
2.29243640581
0.855738634165
1.2390102004
1.66202055228
0.706629411724
0.874680330047
0.790996094015
1.17191768646
1.44524380002
1.18638280899
1.21761342999
2.86625613875
1.29664495551
2.08361274824
1.38924590793
2.1229988144
1.72884117872
0.288627808857
0.872541223584
1.80220346745
1.93230898783
1.77080026374
1.11127466061
2.01270392841
1.48999336081
0.866577339211
0.580033141251
2.11483902632
0.920360134574
2.01601475375
1.72467194885
2.59219208661
2.32552531174
2.28247754963
0.696386509518
0.789678597684
2.0901770209
1.63321629981
1.06477854932
1.76795610713
1.5246944082
1.04378550839
1.82942802163
2.38135420708
1.96100319878
1.82225360483
1.41415460935
1.7609091683
1.77592160172
1.51183936067
2.01668478832
1.4190101973
2.57378047435
2.37525475752
2.01864810167
1.50729199799
1.46020158356
2.06134053935
2.84585223529
2.25560286969
1.46288648881
1.93552213431
0.731006352484
0.905207118897
1.30762445126
1.44934113991
1.20310209601
0.791554643628
2.26655322088
0.723196072449
1.48821183855
1.84894800754
1.01589571959
3.20754151665
2.028410093
2.03870819151
1.51982866451
1.69386013729
