3.37143166285
5.51074943464
2.29034606904
3.59585147011
3.24955431394
4.11155129572
3.58103563911
1.44796121868
2.19916824991
7.48596389552
5.1530500524
5.42265819722
4.70024327816
3.49944503146
3.6046464222
6.18982155208
3.66170583363
4.15196855537
6.20350919043
0.943702374938
3.29826853182
0.804120564595
2.27209588457
3.57870776247
4.60780257331
4.03599973666
3.60998627147
5.41508303329
5.20805222843
5.13965525221
2.27209588457
2.27137785314
5.55002389437
0.911785649167
0.889963394681
5.2211968827
4.60351244984
5.07076312598
5.20805222843
3.33639274465
5.0903304874
8.09315741592
5.85445911564
6.95008277687
5.54185327927
3.99566497961
3.20385332658
2.19984764247
2.09034606904
2.29034606904
3.61095273173
4.52830560189
5.21712836308
3.37612301863
3.96874862388
5.24456038341
4.99358212159
5.20805222843
5.38637120359
2.09034606904
3.39273679333
4.70625469245
1.16579532571
2.81356165101
4.75005404731
4.58976779039
2.25387345477
3.84604246468
3.39428585418
3.73438307505
4.95782227561
4.60351244984
5.15805222843
2.29034606904
6.20350919043
3.71823729698
-0.5
5.3174557503
3.60080866309
5.03359371596
3.65925116479
2.20121095873
4.73927257785
2.23277486356
6.25350919043
5.79116772202
3.71823729698
1.83265894907
7.59596671452
3.43945558348
4.12218842884
5.41217949457
2.43080367395
3.63945558348
4.53653988328
4.12218842884
3.48634103996
2.29034606904
5.20805222843
5.07076312598
-0.5
4.32256298474
-0.5
5.25263890696
4.59585617201
5.20805222843
1.99338275677
5.31207706799
2.29034606904
5.71125497626
3.62120539902
4.73927257785
4.41414277572
4.50151993861
6.72147919101
4.024747199
5.19356472399
4.30428761541
4.024747199
4.64691937277
4.67707946108
4.60351244984
2.29034606904
3.43393983216
4.21972781947
2.29034606904
1.45347866204
3.40545525792
3.99566497961
5.50577018873
4.60351244984
3.55348439426
4.52830560189
6.05516717968
2.94422905664
3.78598475307
5.19539253818
1.0747283578
1.01145045785
6.25350919043
1.29454803315
3.70917950755
3.60934230027
1.47222727872
3.64740713232
3.58103563911
4.15196855537
2.2705987722
5.85445911564
5.20805222843
7.48596389552
4.53927257785
3.59310285498
4.60351244984
2.91705078395
3.62120539902
3.835330235
4.73927257785
3.63945558348
6.10495942635
6.17057270704
1.13171495927
8.92313718025
4.52830560189
5.54413901949
2.29034606904
2.27209588457
3.38955364967
-0.5
2.73256861155
2.15585131404
2.94422905664
5.19356472399
2.70233263659
3.20983810909
4.09777160243
1.98648424321
2.29034606904
1.67116895438
2.29034606904
4.15196855537
2.29034606904
2.29034606904
5.75002389437
3.57066753353
5.0122352737
5.54413901949
3.58924933017
4.5957891659
0.911785649167
3.43945558348
3.22868268432
5.46511413719
4.49066158955
3.98979711243
4.60351244984
4.73927257785
2.21305222824
1.54677295075
4.15196855537
3.26842001505
5.0881518697
5.34091493338
5.79116772202
5.26139999412
4.8981982806
1.50281454149
2.18067476497
4.12218842884
2.50719284117
2.23277486356
5.94507827386
5.45435444921
5.07076312598
3.76657141282
6.21945400131
5.40995946901
5.295249043
3.5013114249
4.15196855537
5.08518416017
5.07076312598
5.31207706799
5.4879353121
7.82971131572
5.40295197576
3.78424633764
3.49419027413
3.38955364967
4.73927257785
4.69170447058
6.18337213824
3.02757181116
5.25263890696
1.77523003535
3.71212887701
4.15196855537
4.15196855537
2.27113276271
2.18067476497
5.20805222843
1.60605712351
3.54641698307
3.97568772603
4.01008334654
5.41508303329
5.07076312598
4.52830560189
5.25263890696
5.0881518697
