1.39738841242
0.13226776904
1.05591985059
2.13603475487
1.39738841242
1.64525890978
1.64525890978
-0.5
0.511340431232
2.48815764055
1.68140303025
2.14095315251
1.72215047468
1.32258651726
1.32258651726
0.296405264048
1.02784967515
1.78799213884
2.11337729761
0.268999160254
1.32258651726
0.173572936981
1.05591985059
0.0
1.61195585519
0.0599381547218
-0.5
2.10377075832
0.0811615827096
2.03491381305
1.05591985059
1.02784967515
1.93481814446
0.227946412292
-0.5
1.70760417118
1.90087811246
2.01769078149
2.05201305711
1.46405507908
2.05201305711
2.68440046509
1.19499575952
2.48752069422
1.77239839124
-0.5
1.14068002308
0.512461910618
0.364072786811
1.32258651726
1.65986389587
1.88207640047
0.707638211008
1.32258651726
-0.5
1.75406881765
1.9983955304
2.05201305711
2.0965928009
0.295181966225
1.00683690467
1.73481814446
0.754205325722
0.669464985496
1.9519063132
1.6368618658
1.05591985059
1.32258651726
0.814339535829
1.39798289382
1.9894555689
1.90087811246
1.757276215
0.0
2.0899240289
1.67955932425
-0.5
1.78936914944
0.108137540365
1.87607190385
1.32258651726
1.02784967515
-0.5
1.32258651726
2.31337729761
1.71445859717
0.0
0.417837021175
2.64899167863
0.237701651244
1.78054710721
2.02304487364
1.32258651726
1.65986389587
1.63421144579
1.78054710721
1.32258651726
1.32258651726
2.05201305711
2.01769078149
-0.5
-0.5
-0.5
2.06315972674
-0.5
2.05201305711
0.728942167827
0.707638211008
1.32258651726
1.91867972377
-0.5
0.181688017681
1.50977635226
1.20754477913
2.43036979775
1.65986389587
1.32258651726
1.29622753223
0.978166295175
0.285076376131
1.78581081718
1.90087811246
0.129974832937
1.47617914748
1.12624286875
-0.5
0.219076792545
-0.5
1.69177338776
2.09310921385
1.90087811246
1.34525890978
1.88207640047
2.26379179492
0.686057264159
1.46158933475
1.81968146587
0.240069140039
-0.5
2.04671063094
-0.5
1.57046841516
1.65986389587
0.364315195979
1.32258651726
1.64525890978
1.78799213884
0.979729374402
1.43639458765
2.05201305711
2.52149097388
0.0
1.45986389587
1.90087811246
1.28031214423
0.138335827528
1.32258651726
-0.5
0.37135951264
2.02766301189
1.74281452704
-0.5
2.44186689668
1.88207640047
0.335314307537
1.32258651726
1.05591985059
1.39738841242
1.93603475487
1.11677277083
1.02784967515
0.686057264159
0.0
0.722787808429
1.32258651726
0.0
0.817363220458
1.32258651726
0.532021640896
1.05591985059
1.78799213884
-0.5
1.32258651726
2.18750597359
1.32258651726
1.74095469788
2.13603475487
-0.5
1.64854118828
0.227946412292
0.134787335013
1.41436423361
1.32099090577
1.32258651726
-0.5
1.90087811246
1.80148481113
-0.5
-0.5
1.78799213884
0.774280079959
2.02203796742
1.66486137226
2.24779193051
2.08478570684
1.92033842056
2.13603475487
0.263120268414
1.78054710721
1.18562978255
1.32258651726
2.26379179492
0.167678142287
2.01769078149
0.0
2.11337729761
1.88454100613
1.65932631388
1.32258651726
1.78799213884
1.757276215
2.3272298301
2.05201305711
1.92644254718
2.70742782893
2.03491381305
1.49606158441
1.62354756853
1.59738841242
1.59738841242
1.92292611764
1.89491575915
1.32258651726
2.06315972674
0.487198843646
1.3849504733
1.78799213884
1.78799213884
1.05591985059
1.24258651726
2.05201305711
0.372129015314
1.32258651726
1.69177338776
1.06125491725
2.04662790118
2.01769078149
1.88207640047
1.39738841242
2.02203796742
