2.57283130749
2.37900732722
1.97766640565
2.2866417862
1.5600946653
3.20925305825
2.28449914416
1.03526557854
1.55083564071
6.33216260048
2.13511806044
3.34093746834
3.9126948309
3.14236057552
3.21203762332
3.74759798363
2.61316475639
3.49880197623
3.0512945488
0.87639592927
2.6994403703
0.694766760499
1.83270230816
3.19532647429
3.13045710492
2.63981514009
2.69443941298
3.9950888369
2.40992456725
4.04981319708
1.89647384561
2.44215521972
4.5756387825
0.983350164531
0.823596396906
2.51313472548
3.14108361938
2.68357012804
4.0809234549
2.39944898185
3.83580023757
4.19428841977
4.25467300054
3.68606107659
3.18440563129
3.36620911358
2.60778060129
1.78165807394
1.19084558501
1.67667270386
2.74393946936
3.42630086663
3.01953299645
2.49248780205
2.92140492538
2.91078393002
4.06324883739
4.51994411867
3.86364530049
1.3850288175
2.05197370713
2.13424346274
1.00404853443
2.17528535945
3.4732122903
3.71782356601
1.43286775636
2.86984611126
2.10088646444
2.44207638466
3.94755490692
2.71252030355
3.09020664721
2.10007442861
4.51815014763
2.83167811469
-0.5
4.19893345559
2.06677159366
4.1839294133
3.42019358289
1.64145450287
2.98610475871
1.98710008524
5.48257987684
2.92253329586
3.06571129082
1.08148149619
4.60108809357
1.56470809122
2.70611910439
4.08311524217
2.29806788282
2.80799793668
2.51200512529
3.8466401716
2.53089449951
1.78349504051
3.43814163076
3.48469768902
-0.5
3.17366734443
-0.5
3.91665580188
3.27751096015
4.08141678125
1.72963529848
3.51265487386
2.02521219215
3.96478295087
2.70022042931
3.16508911993
3.43703295953
2.88983607267
4.44737336535
3.0601883645
4.08469982108
3.5483868071
1.83692161013
3.18080614931
3.41864438098
2.28522731748
1.45766972284
1.776327396
2.6372441452
1.17486566661
1.32185880253
3.0951078981
3.36840789425
4.37801765431
2.55781576842
2.5797472694
3.14183524527
3.73903776038
1.83528541226
2.31257095727
2.46116675001
0.620190403459
0.992130042892
4.05714363987
1.13955432319
3.25256369603
2.70226898871
1.28916119468
2.82461791749
2.30131595793
2.23279747013
2.09802964946
3.54182009036
2.62645405348
4.17835124156
3.35570980408
3.12449321648
3.41157093426
2.49048140729
1.97753741321
2.5491563674
2.64535649865
2.1480083898
3.29435441969
3.30607655963
0.896800397651
8.70096518143
3.71049156489
2.82610574929
2.13185602091
1.19684109582
2.23360833517
-0.5
2.06889345368
1.84378235672
2.81944850819
4.13298191308
1.84233482202
2.37027295089
3.32593093212
1.54800325071
1.51796884579
1.60652495002
1.83031530439
2.65652990546
1.86059511314
1.937223827
5.19907631218
2.60397936548
3.47614990118
2.71564316827
3.94428440476
3.35350800908
0.649412569929
1.92025846718
2.97603218608
3.8812682464
3.30250834036
2.5380148983
3.47911937894
2.65326088695
1.69280472174
1.35889016237
3.70075257219
2.13782991054
3.56195667184
3.55814948294
5.24333594445
4.56442105148
3.92222083112
1.26285455071
1.66896763958
3.76946461522
2.58465510232
1.81844584123
3.49813838155
2.99420003047
2.07782381031
3.13621618349
4.41887529943
3.76665453044
3.46530652561
2.3867291161
3.05969873515
3.48552206881
2.92640654977
3.95780875718
2.87726857006
5.00188061522
4.36936076365
3.29195822875
2.74457669362
2.66386903819
3.72967839015
5.1531675294
4.41234920398
2.57503531905
3.4655630984
1.64476429309
1.88109773094
2.52430350486
2.67471101187
2.02172141612
1.61275166965
4.24249251132
1.69319076794
2.74229247275
3.48787999417
2.15345673933
5.96696841246
3.53630590739
3.6745934309
3.16135418851
3.00285197557
