2.2022102418
1.97926045299
1.65245538823
1.90140529782
1.2665893905
2.69840205057
1.9536583158
0.911138500757
1.32332294276
5.14723757815
1.69469073966
2.69327782225
3.21885098221
2.64743052498
2.62538366244
2.97722744447
2.16507025266
2.94351264818
2.53329616826
0.767283046333
2.22226327132
0.69526174087
1.6009421436
2.67372735722
2.63253971938
2.17773067076
2.279655128
3.31364052394
2.05463850293
3.36193793969
1.66929795721
2.10060048657
3.65474606741
0.764827905746
0.640574975372
2.1106930518
2.64627998068
2.25000937401
3.36510386544
1.99723551475
3.02911032865
3.47601172301
3.43976141776
3.06865049558
2.66638944596
2.82160979797
2.2004000435
1.52267760917
0.945365151682
1.42745561281
2.25456773718
2.85361198253
2.48460876872
2.03540554774
2.43508265082
2.43281652292
3.38252687352
3.73114329723
3.17880354339
1.12820918915
1.74800060973
1.79013474813
0.946820061099
1.79725928226
2.84555464405
2.95557804679
1.29061897168
2.31287776292
1.71653001072
2.05220865552
3.26964478066
2.3319602361
2.47929277001
1.85561344447
3.66200156256
2.41537927439
-0.5
3.44658464605
1.73079743915
3.41432310097
2.82842811863
1.38827280537
2.53055624565
1.66421295062
4.46850102486
2.32954417387
2.59277544842
0.996980513227
3.74545883992
1.3075002928
2.27119920773
3.34655171726
1.98649969199
2.39170489112
2.07552478368
3.15479420754
2.11018482932
1.5549716659
2.83043822959
2.91419739879
-0.5
2.5779680423
-0.5
3.25837107675
2.59298291936
3.39260762978
1.47864185909
2.7422436273
1.76621641094
3.24894311629
2.29699817699
2.62011506723
2.80231383717
2.3167672265
3.65881483064
2.55279014434
3.39921097195
2.84977984463
1.55673295361
2.61067033365
2.86374418444
1.93030917915
1.29847611441
1.4922224729
2.19788679561
1.05177080331
1.07487325345
2.60069342886
2.82820613997
3.59867029221
2.17238712924
2.14231761648
2.66587185743
3.11919742485
1.57601564571
1.89358028493
2.0308978767
0.5970425201
0.892754891958
3.35925986804
0.994327244196
2.74696188056
2.28203725564
1.06687630794
2.35917167911
2.00510920786
1.8561872394
1.81846294727
2.89862077201
2.20032477407
3.45625696828
2.65101118734
2.5665452267
2.85951585437
2.13384827363
1.69092428189
2.16546530402
2.24961758201
1.83388191579
2.66474741519
2.68973012801
0.779899155278
6.98963958556
3.10816010603
2.35550300511
1.87449189847
1.10337044575
1.84483754914
-0.5
1.71363819373
1.53309440371
2.41512661748
3.43676371017
1.49277895216
1.96576785069
2.69949165493
1.32727151488
1.33998147739
1.3613208877
1.63135748089
2.24337071628
1.64987129445
1.72360433106
4.26594824281
2.11569939143
2.91913504
2.26814705342
3.23421425557
2.75162918841
0.5050986655
1.51675824575
2.50650069863
3.23225980002
2.70284120454
2.05767139185
2.9050884948
2.2598158568
1.43574961467
1.17650478086
3.07220503603
1.81168905876
2.96502452985
2.85185760209
4.18287840132
3.68096554483
3.26632351852
1.11816418474
1.3831229996
3.10750874116
2.21288380789
1.55573272231
2.83389133118
2.46535827736
1.764543889
2.62156570461
3.60386686249
3.06383988871
2.8605853573
2.0404484983
2.56205036394
2.86777677701
2.47002284594
3.23000302563
2.38773373189
4.06088273624
3.58457550405
2.78263417792
2.3222700909
2.29059919675
3.06983247372
4.23024141175
3.57446803165
2.16067351307
2.90276170931
1.27926111685
1.57640378837
2.11517543664
2.27742733606
1.73715376828
1.33212527047
3.45721142952
1.47058409062
2.28663434991
2.9063999448
1.81303835943
4.86319765413
2.9668672572
3.08023933515
2.57975490952
2.53925524026
