3.33955364967
0.529071076158
2.22367940237
5.54413901949
3.33955364967
3.93842423861
3.58103563911
-0.5
2.04536172493
7.45263056219
5.22561212101
5.56381261004
4.55716406238
3.38792034678
3.51823729698
1.18562105619
3.60293022575
4.15196855537
6.20350919043
0.870513221821
3.21145970332
0.694291747924
2.22367940237
0.0
4.55308657867
0.239752618887
-0.5
5.41508303329
0.324646330839
5.13965525221
2.22367940237
2.21666185851
5.57859532294
0.911785649167
-0.5
5.16375001807
4.60351244984
5.07076312598
5.20805222843
3.35622031633
5.20805222843
8.0709351937
4.42704186161
6.95008277687
5.45322992858
-0.5
3.14166746075
2.04984764247
1.45629114724
2.29034606904
3.63945558348
4.52830560189
2.83055284403
3.21145970332
-0.5
5.17536617969
4.99358212159
5.20805222843
5.38637120359
1.1807278649
3.24273679333
4.68927257785
1.12208446078
2.67785994198
4.80762525278
4.65271062109
2.22367940237
3.84604246468
3.25735814332
3.69719473317
4.95782227561
4.60351244984
5.13436801791
0.0
6.11666708517
3.71823729698
-0.5
5.26273975566
0.432550161461
4.97541132875
3.64706941989
2.21666185851
-0.5
2.29034606904
6.25350919043
5.85783438869
0.0
1.6713480847
7.59596671452
0.950806604974
4.12218842884
5.39217949457
2.4150643713
3.63945558348
4.53684578318
4.12218842884
2.29034606904
2.29034606904
5.20805222843
5.07076312598
-0.5
-0.5
-0.5
5.25263890696
-0.5
5.20805222843
1.85663895038
2.83055284403
2.29034606904
5.63817370747
-0.5
0.726752070724
4.14436856693
4.43017911651
6.72147919101
3.9126651807
2.29034606904
4.32928761541
3.9126651807
1.14030550452
4.64170447058
4.60351244984
0.519899331747
3.45734816887
4.09588056591
-0.5
0.876307170181
-0.5
3.98137926533
5.4974368554
4.60351244984
3.60157063032
4.52830560189
6.05516717968
2.74422905664
3.8169455743
5.19176934174
0.960276560155
-0.5
6.18684252376
-0.5
3.69096456971
3.63945558348
1.45726078392
3.61823729698
3.58103563911
4.15196855537
2.20463178332
2.74557835059
5.20805222843
7.46096389552
0.0
3.58945558348
4.60351244984
2.87124857693
0.553343310113
3.77905778339
-0.5
1.48543805056
6.182080619
6.11086849779
-0.5
8.74535940248
4.52830560189
1.34125723015
2.29034606904
2.22367940237
3.33955364967
5.49413901949
2.75280536905
2.21666185851
2.74422905664
0.0
2.65430912845
3.20983810909
0.0
1.85663895038
2.29034606904
1.46141989692
2.22367940237
4.15196855537
-0.5
2.29034606904
5.75002389437
3.60439114314
4.9638187915
5.54413901949
-0.5
4.579343913
0.911785649167
0.539149340052
3.21008851339
5.2839636231
4.4467707892
-0.5
4.60351244984
4.70593924452
-0.5
-0.5
4.15196855537
3.09712031984
5.0881518697
5.39628759431
5.99116772202
5.33914282736
4.89563939654
5.54413901949
1.05248107366
4.12218842884
2.49251913022
2.29034606904
6.05516717968
0.670712569147
5.07076312598
0.0
6.20350919043
5.45120750278
5.30397192218
3.4516238744
4.15196855537
5.13436801791
6.30891932038
5.33312969957
5.45577018873
7.82971131572
5.44541040133
3.73424633764
3.49419027413
3.38955364967
3.38955364967
4.69170447058
6.14889380582
2.94043545082
5.25263890696
1.77523003535
3.70646855986
4.15196855537
4.15196855537
2.22367940237
2.27034606904
5.20805222843
1.48851606126
3.486298797
3.98137926533
3.91168633568
5.40079731901
5.07076312598
4.52830560189
3.33955364967
5.0881518697
