2.14041086438
3.17190075519
1.64517303452
2.09695567678
1.77477881765
2.48859329063
2.29051781955
0.875859690428
1.48410043741
4.24298194776
2.64511985468
2.85844306655
2.78474275544
2.1648978638
2.01834602415
3.43569168016
2.05792014163
2.57598427769
3.47675459522
0.654824070261
1.86615633717
0.733565424531
1.59042248111
2.1374843287
2.75648074692
2.32633625823
2.23131985571
3.20754151665
3.10402611422
3.0698276261
1.59042248111
1.58826838684
2.86963628893
0.455892824583
0.444981697341
3.0319933807
2.80175622492
3.03538156299
3.10402611422
2.03529410978
2.75086089111
4.54657870796
3.19124793874
3.97504138844
3.26521228906
2.49783248981
1.99423343311
1.47492382124
1.04517303452
1.64517303452
2.23421923647
2.76415280094
3.01978782183
2.09971979759
2.29113970995
3.10208388283
2.99679106079
3.10402611422
3.1931856018
1.04517303452
2.07136839667
2.77058263272
1.00796429887
1.74603509809
2.73109900996
2.45331629213
1.53575519173
1.92302123234
2.03946220424
2.27595186589
2.9789111378
2.80175622492
2.95402611422
1.64517303452
3.47675459522
2.35911864849
-0.5
3.11130733542
2.20378703055
2.95071436447
2.12661059709
1.37776770361
2.86963628893
1.47245941809
3.62675459522
2.89558386101
2.35911864849
1.31960663545
4.29798335726
1.71972779174
2.56109421442
3.20608974729
1.64517303452
2.31972779174
2.60083852523
2.56109421442
1.97361123705
1.64517303452
3.10402611422
3.03538156299
-0.5
2.3706100875
-0.5
3.12631945348
2.43938707141
3.10402611422
1.33855089434
2.656038534
1.64517303452
3.21958066012
2.26497723834
2.86963628893
2.70707138786
2.43763284283
3.8607395955
2.31972779174
3.096782362
2.1521438077
2.29257864526
2.59257667369
2.8019772068
2.80175622492
1.64517303452
2.06634381116
2.48766386179
1.64517303452
1.03815358509
2.07297041546
2.49783248981
3.25288509437
2.80175622492
2.20786408502
2.76415280094
3.52758358984
1.97211452832
2.1538256176
2.95458034715
0.823493673022
0.795740052964
3.62675459522
0.824194871367
2.3319452802
2.2293879421
0.910435084521
2.1466281545
2.29051781955
2.57598427769
1.585931144
3.19124793874
3.10402611422
4.24298194776
2.26963628893
2.18066960623
2.80175622492
1.9480309095
2.26497723834
2.28835636799
2.86963628893
2.31972779174
3.18110530298
3.37794514504
0.758393345891
4.96156859013
2.76415280094
3.27206950975
1.64517303452
1.59042248111
2.19477682483
-0.5
1.60140669772
1.24168876954
1.97211452832
3.096782362
1.51069877284
1.64517303452
2.30683620621
1.31785535368
1.64517303452
1.23626486985
1.64517303452
2.57598427769
1.64517303452
1.64517303452
3.37501194718
1.91640935812
2.96049217568
3.27206950975
2.16910903179
2.58900771521
0.455892824583
1.71972779174
2.06872150634
3.18543335384
2.40505779564
2.18772838555
2.80175622492
2.86963628893
1.41329151213
1.03840824966
2.57598427769
2.06245924557
3.04407593485
2.86963628893
3.23760191015
2.93634291398
2.91978206473
0.957073963685
1.31615912232
2.56109421442
1.66528069797
1.47245941809
3.1973168724
3.16854307348
3.03538156299
2.33909839435
3.52458902784
2.94968573705
2.84803954577
2.05134517694
2.57598427769
2.73542190941
3.03538156299
3.10402611422
3.19938046447
4.41485565786
2.92866325729
2.39212316882
2.24709513707
2.19477682483
2.86963628893
2.84585223529
3.41634343864
1.73162680641
3.12631945348
0.887615017676
2.17577078694
2.57598427769
2.57598427769
1.58753311553
1.31615912232
3.10402611422
1.18453958882
2.18666185144
2.43790072906
2.30658975596
3.20754151665
3.03538156299
2.76415280094
3.12631945348
3.04407593485
