3.33955364967
5.51074943464
2.29034606904
3.52546441049
3.23666089056
3.93842423861
3.58103563911
1.38720958624
2.04536172493
7.48596389552
5.1530500524
5.42265819722
4.70024327816
3.38158530992
3.51823729698
6.18982155208
3.64620547817
4.15196855537
6.20350919043
0.870513221821
3.21145970332
0.694291747924
2.27209588457
3.57870776247
4.60780257331
3.9126651807
3.58945558348
5.41508303329
5.20805222843
5.13965525221
2.27209588457
2.27137785314
5.55002389437
0.911785649167
0.889963394681
5.2211968827
4.60351244984
5.07076312598
5.20805222843
3.29453727705
5.0903304874
8.09315741592
5.74885176328
6.95008277687
5.54185327927
3.99566497961
3.18270445673
2.04984764247
2.09034606904
2.29034606904
3.58945558348
4.52830560189
5.21712836308
3.21145970332
3.96874862388
5.19417911754
4.99358212159
5.20805222843
5.38637120359
2.09034606904
3.24273679333
4.68927257785
1.16579532571
2.67785994198
4.75005404731
4.58976779039
2.25387345477
3.84604246468
3.39428585418
3.73438307505
4.95782227561
4.60351244984
5.15805222843
2.29034606904
6.05350919043
3.71823729698
-0.5
5.3174557503
3.60080866309
5.03359371596
3.65925116479
2.20121095873
4.73927257785
2.23277486356
6.25350919043
5.79116772202
3.71823729698
1.6713480847
7.59596671452
3.43945558348
4.12218842884
5.41217949457
2.4150643713
3.63945558348
4.53653988328
4.12218842884
3.48634103996
2.29034606904
5.20805222843
5.07076312598
-0.5
4.32256298474
-0.5
5.25263890696
4.59585617201
5.20805222843
1.85663895038
5.31207706799
2.29034606904
5.65683624506
3.62120539902
4.73927257785
4.41414277572
4.48598447839
6.72147919101
3.9126651807
5.19356472399
4.30428761541
3.9126651807
4.64691937277
4.64170447058
4.60351244984
2.29034606904
3.43393983216
4.20612444598
2.29034606904
1.45347866204
3.40545525792
3.99566497961
5.50577018873
4.60351244984
3.55348439426
4.52830560189
6.05516717968
2.74422905664
3.78598475307
5.19539253818
0.960276560155
0.895444528232
6.25350919043
1.22377969123
3.70917950755
3.58945558348
1.45726078392
3.61823729698
3.58103563911
4.15196855537
2.2705987722
5.74885176328
5.20805222843
7.48596389552
4.53927257785
3.59310285498
4.60351244984
2.91705078395
3.62120539902
3.80863744973
4.73927257785
3.63945558348
6.08373816923
6.12987252285
1.05470061277
8.92313718025
4.52830560189
5.54413901949
2.29034606904
2.27209588457
3.38955364967
-0.5
2.73256861155
2.15585131404
2.74422905664
5.19356472399
2.68741318615
3.20983810909
4.09777160243
1.85663895038
2.29034606904
1.581601047
2.29034606904
4.15196855537
2.29034606904
2.29034606904
5.75002389437
3.55132433621
5.0122352737
5.54413901949
3.5738792577
4.582547584
0.911785649167
3.43945558348
3.22868268432
5.2839636231
4.49066158955
3.9126651807
4.60351244984
4.73927257785
2.21305222824
1.44076424103
4.15196855537
3.09712031984
5.0881518697
5.34091493338
5.79116772202
5.23914282736
4.8981982806
1.42054786431
2.18067476497
4.12218842884
2.49251913022
2.23277486356
5.94507827386
5.45435444921
5.07076312598
3.76657141282
6.21945400131
5.40995946901
5.295249043
3.5013114249
4.15196855537
5.08518416017
5.07076312598
5.31207706799
5.45577018873
7.82971131572
5.40295197576
3.78424633764
3.49419027413
3.38955364967
4.73927257785
4.69170447058
6.16428186025
2.94043545082
5.25263890696
1.77523003535
3.70668532164
4.15196855537
4.15196855537
2.24034606904
2.18067476497
5.20805222843
1.48851606126
3.54641698307
3.94566497961
4.01008334654
5.41508303329
5.07076312598
4.52830560189
5.25263890696
5.0881518697
