1.7436542535
1.40415848242
1.24179013382
1.29090597047
0.887772681167
2.0432784953
1.50908289574
0.548664558715
0.865931991635
3.83731255582
1.19595781468
1.96719905569
2.52500713352
2.0051758225
1.93071829503
2.19008247329
1.65894192778
2.38822332013
1.87464352901
0.489625086061
1.69083065453
0.350777113181
1.27720755444
2.15212824015
2.06745580859
1.52107768457
1.81549911107
2.59647792526
1.48705613456
2.6740626823
1.34581179902
1.75904575342
2.67875685574
0.546305646962
0.457553553837
1.56536151449
2.10788512567
1.57517525252
2.60101711706
1.41151872257
2.22242041972
2.65171338407
2.49187193355
2.43488318355
2.07809315902
2.19425438569
1.73574129654
0.955574153159
0.65679290084
1.05540252945
1.74952100106
2.24967309842
1.79731778871
1.3605144646
1.83430599902
1.7075777642
2.70180490966
2.89232001465
2.38052800472
0.757217002267
1.24920443326
1.27814891002
0.83513136256
1.18214919903
2.19024721197
2.17352847796
0.956405306524
1.7010525642
1.31326132596
1.59679024775
2.55992165169
1.65973350197
1.7721554288
1.48615246034
2.70563307904
1.93658043409
-0.5
2.65150339701
1.27716265728
2.64471678863
2.15677154989
1.02260378793
1.97152284096
1.34132581601
3.43230965141
1.7136805951
2.02608960601
0.561865993836
2.8376897529
0.945469254386
1.77663069552
2.59502677402
1.59150932245
1.9247388964
1.5439294839
2.46294824348
1.62627891827
1.28221169724
2.12099666568
2.13497391707
-0.5
1.93927240968
-0.5
2.60008635163
1.87363044058
2.55094982312
0.970298448586
1.94893024857
1.45235504138
2.46832802007
1.82956122676
1.96960546769
2.15519179004
1.63187218285
2.71249298301
1.90694373729
2.71372212282
2.12880425228
0.98941424874
1.95720118466
2.21567396421
1.40850836062
1.01863326353
1.14189715719
1.65420405195
0.805706549128
0.722675788532
2.10627895961
2.19425438569
2.66811892492
1.61097932972
1.58739443744
2.11465927776
2.39947896407
0.982460147771
1.31404151683
1.4166451257
0.315882172569
0.52090880918
2.53637609622
0.606083931346
2.24136006509
1.78431742762
0.706193521889
1.84117051834
1.51637633315
1.34437879102
1.43158116943
2.06295987477
1.59110484228
2.6446991891
1.93376271744
2.00859723692
2.2812992371
1.7466929527
1.2899757929
1.69566483656
1.60911297848
1.3775358134
1.92108574063
1.96591418013
0.477625509419
5.27831398968
2.50582864716
1.69737022736
1.54693570774
0.832179234678
1.42233019742
-0.5
1.35838293378
1.08144472287
1.76080472677
2.65721217393
1.04930098796
1.4612627505
1.99154222202
0.865252696206
0.996727363371
0.939577357325
1.29823044141
1.68155475002
1.31631184458
1.35535012082
3.33282017343
1.55522402167
2.36212017883
1.64905738491
2.48571892523
2.05050846835
0.360784761071
1.08078578264
2.03696921117
2.31121956813
2.0760572045
1.38909332576
2.30494241051
1.71665836768
1.02570316189
0.725041426564
2.43153691198
1.15045016822
2.32341608526
2.08937426096
3.12242085818
2.77229589392
2.61042620592
0.802855380215
0.960214706649
2.42522127613
1.82277037477
1.21228252455
2.1116737404
1.81391679173
1.24223188548
2.08143103138
2.78885842555
2.3205129742
2.14648918898
1.60510707862
2.01884479371
2.11233378722
1.78563253418
2.39468580515
1.70345024662
3.0573460214
2.77300453017
2.27331012709
1.74869833082
1.69191864612
2.39438400752
3.30731529411
2.6848840231
1.68277477768
2.23742907741
0.913757940605
1.09324671612
1.54449829921
1.68667642488
1.36325262002
0.951806347896
2.66131652611
0.903995090561
1.73550793095
2.17056000943
1.23397106822
3.75942689581
2.32717928291
2.36088523939
1.84193462383
1.95065850494
