1.81198509174
0.534032416459
1.41533674545
2.75979307053
1.09385582486
2.2147954214
1.61902045168
-0.5
1.02838495439
3.87897922249
1.44312528071
2.39588143951
2.31250068531
2.15514007312
2.07559896855
0.713934614552
1.60778702595
2.38822332013
2.00703831691
0.659932505707
1.64719922251
0.627113564248
1.27023136616
0.0
2.00860409768
0.476713338437
-0.5
2.64749833342
0.341028690851
2.61354207956
1.33068878964
1.62225576683
2.78394393057
0.832019932676
-0.5
1.6373897584
2.70063503269
1.7827340969
2.64960259808
1.63838100665
2.84114925499
2.72810227296
2.09578658267
2.44738318355
2.02788245722
-0.5
1.72993134653
1.35066343887
0.646283652698
1.19582470842
1.90530638663
2.15737099836
1.08625124476
1.79926627295
-0.5
1.93996523017
2.59069379855
2.93336274089
2.49740574309
0.774050711556
1.59153051204
1.36584595085
0.811997020223
1.45971812133
2.34291326926
2.36131526807
1.08080042218
1.75934440849
1.29617875682
1.61961848494
2.64325498503
1.95140016864
1.81665159484
0.0
2.8654329384
2.00888435566
-0.5
2.5967644565
0.369729982801
2.66536175985
2.221530221
1.15808904578
-0.5
1.80646629315
3.47261737822
1.81090095583
0.0
1.02189767925
2.95500691576
0.637579167481
1.71892995441
2.49569834018
1.65301725896
1.98968987679
1.82756904943
2.71562651589
1.34951236019
1.3377672528
2.25073996925
2.31260549602
-0.5
-0.5
-0.5
2.53956574888
-0.5
2.70295757292
1.20018505671
1.40543912194
1.46706092373
2.7698954682
-0.5
0.654220044203
1.88061362312
1.87609497237
2.88556990609
2.05737389923
1.80646629315
2.15643442989
1.3344787361
0.843257136117
2.38858170695
1.61040874011
0.455280938824
1.29599548433
1.55302173899
-0.5
0.958171350025
-0.5
2.28354009998
2.77282938617
1.78417998631
1.67120336895
3.20519100118
2.4339378134
1.3925211308
1.86879126349
1.67687790247
0.396090505903
-0.5
2.51500857485
-0.5
2.21859139279
2.22806301641
0.814530417272
1.6441203837
1.6537771268
1.6644431828
1.40819221457
1.31485304277
1.75111765979
2.72660023077
0.0
2.07673360569
2.19831645172
1.50720648439
0.36519808997
1.7695610387
-0.5
1.09506544827
2.05849311305
2.17025692311
-0.5
5.05609176746
2.42249531383
0.713166304624
1.52792985978
0.925360216576
1.6039027579
2.03266978401
1.40897482754
1.29376742727
2.2151431604
0.0
1.16273027751
1.6104815005
0.0
1.1216732466
1.19186678532
0.760800090174
1.29823044141
2.39482184005
-0.5
1.50581308378
3.33282017343
1.79389847715
2.26621755477
1.84529272405
-0.5
2.16609385284
0.432754458041
0.349610447943
1.96724107016
3.25059757703
2.05610120907
-0.5
2.11953867258
1.66465520098
-0.5
-0.5
2.27978015899
1.42327247459
2.41939406373
1.62541487359
3.27314599437
3.1696685643
2.60722760085
1.94631797467
0.725001742719
2.45498318089
1.76721481921
1.38967392761
2.2108567462
0.569195355717
2.6041087688
0.0
2.87615272191
2.37409229449
2.27098633266
1.6204610745
2.08134479371
2.21298683104
2.63722551452
2.31473608552
1.50806570987
3.17686960192
2.81639256974
2.13052761709
1.83844192056
1.9165981333
2.09469696414
3.30731529411
2.61374993331
1.83977739801
2.33121548233
1.03875794061
1.23549845805
1.88545236537
1.86245767488
1.38200262002
1.1176620363
2.73076097055
1.01179932337
1.75471802459
2.35359572371
1.33680171543
3.72371261009
2.39893854217
2.48588523939
1.41240441577
2.03399183828
