1.11575853283
0.831462468135
0.81376784601
0.7456958327
0.391652262872
1.16584902753
0.965108484694
0.610861156681
0.69445418679
1.59246251116
0.409886870134
0.805420433175
1.15548292316
1.16264037334
0.865421779794
0.705405172132
0.827667743059
1.27764466403
1.00236670225
0.442980854918
0.863837556328
0.770119825695
0.905661649911
1.108930006
1.13878756274
0.810788977798
1.03530227306
1.32945420294
0.988780309966
1.29831216752
0.98777029204
1.07593628711
0.935125063271
0.109261129392
0.0915107107674
0.959357433985
1.191441818
1.03555707952
1.27437716324
0.790595113453
0.644872970323
1.34910515802
1.05545590754
1.21641875256
1.19706903868
1.18781185113
0.978258370124
0.745736214877
0.239697892766
0.779622287273
0.968826303304
1.14048989551
0.902587267219
0.72856190036
0.976115827165
1.01768405457
1.34036098193
1.36474083291
1.1793240201
0.453483189047
0.853128796047
0.799387567024
0.775134641108
0.663181050665
0.962581705286
0.668841489148
0.86387261762
0.762786708892
0.650935213767
0.882605468093
1.23591440187
1.19028003373
0.706277300959
1.12223049207
1.12843278147
1.16648275348
-0.5
1.23357644169
0.788821841324
1.13093473335
1.0748736027
0.628727712883
1.16575614726
0.695551546769
1.49452347564
0.578636007459
1.1739679212
0.820200174842
1.19956703591
0.67615447981
1.02417512073
1.19438612511
1.05179511951
1.17215130972
0.874633162327
1.07925631536
0.850110358325
0.923472263844
1.06181395476
1.25754055175
-0.5
0.790870135925
-0.5
1.28351690139
0.623928560713
1.3361012933
0.725661540907
0.44949216361
0.989229067313
1.10142361255
1.08733142003
1.04890018345
0.919204647158
0.610658596988
1.29616748215
1.07162986867
1.34274442456
0.753958957202
0.743328018335
0.900262886673
1.22324004052
0.881270735131
0.909847535519
0.675408635982
0.912219973737
0.695288769725
0.747843387982
1.11745002113
1.20760087714
1.26062820592
1.09522745616
0.93117105222
1.23798169392
1.25967641824
0.835574748
0.668165095099
0.864657608943
0.527598870023
0.594629439155
1.27667974326
0.594656271679
1.23015643415
1.02134205646
0.481141814602
0.962832963974
1.11648895767
0.819938114167
0.979762840682
0.97267575881
1.01139273381
1.29772983138
0.560504275318
0.892701257367
1.24815655084
1.11354262293
0.831084887939
1.02454641441
1.07214113819
0.989528102184
0.848566655668
0.875911956172
0.429195428159
1.85566279794
1.30116572943
0.947805733811
1.10239953114
0.95020986359
0.786335984048
-0.5
0.647872413871
0.601030544665
1.20216094535
1.34810910145
0.497072930991
0.859363869208
0.820173823344
0.665076307416
0.888036036871
0.794195010382
1.03448401037
1.00389314876
1.01769983837
1.08274584324
1.46656403469
0.650859469302
1.24809045647
1.01590184301
1.10400380801
0.997370528019
0.0721569522143
0.320148385623
1.09790623627
1.28523446089
0.92706233882
0.616640872491
1.18299584236
1.11736353941
0.66671667922
0.629348636338
1.18894492178
0.854693516211
1.18758622143
0.800035835929
1.0015057719
1.03059902489
1.29863158073
0.722902786891
0.535466799281
1.12164111896
1.0975699246
0.767593365571
0.857588894699
0.931541268699
0.869956277722
1.08746272123
1.15884155167
0.96396262518
1.05551770561
1.06307894451
1.13515466112
1.04595340762
1.10699220731
1.04739456902
0.952430090766
1.25421199365
1.23182058209
1.25466202542
1.05535028275
1.17078967245
1.09029472441
1.46146305882
1.06082451466
0.95882739979
1.23675955531
0.182751588121
0.683458458802
0.905388793286
1.12399326635
0.883450824775
0.509891850497
1.1371597894
0.873517764164
0.959452003996
1.16195979668
0.85854714855
1.55188537916
1.25855130661
1.29717704788
0.881659201775
1.17568848188
