1.21714526553
1.4177642456
1.16129325863
0.972783831789
0.668697195427
1.32262945489
1.32262945489
0.768694158456
0.947799578027
1.81074548694
0.764172206388
1.44103820024
1.36107523734
1.16398748806
0.902222833981
1.37009427622
1.07593628711
1.39399606942
1.4316886488
0.481387603354
1.16129325863
0.848855871762
1.07916742852
1.16129325863
1.36798937714
1.04408864941
1.19732004389
1.55188537916
1.52600652855
1.51745690653
1.07916742852
1.07593628711
1.46740907223
0.113973206146
0.111245424335
1.39009075421
1.45043905623
1.50884539075
1.52600652855
1.05947013362
0.996258693888
1.88664467699
1.45043905623
1.74376034711
1.55773154641
1.37445812245
1.087018513
0.931230955309
0.345709644664
1.16129325863
1.20166911503
1.44103820024
1.3717824159
1.24302863208
1.07916742852
1.49522650739
1.4991977652
1.52600652855
1.54829640045
0.561633201905
1.08034209917
1.31882858792
0.889591028744
0.945390183388
1.21688273195
0.850977668437
0.997166494447
1.16129325863
1.16129325863
1.18212845901
1.49472778445
1.45043905623
1.30100652855
1.16129325863
1.54944233327
1.33977966212
-0.5
1.45669602426
1.15602080614
1.43803595193
1.16129325863
0.760185262269
1.46740907223
0.902222833981
1.6566886488
1.16129325863
1.33977966212
0.934817400244
1.82449583932
0.944933922209
1.3902735536
1.55152243682
1.16129325863
1.32993194794
1.14906250669
1.3902735536
1.16129325863
1.16129325863
1.52600652855
1.50884539075
-0.5
0.906645414574
-0.5
1.53157986337
0.822035245951
1.52600652855
0.84742699752
0.664009633499
1.16129325863
1.52600652855
1.24780611783
1.46740907223
1.42676784697
0.889717521
1.71518489888
1.32993194794
1.5241955905
0.913457219613
0.993452229948
1.05181964938
1.39565051608
1.45043905623
1.16129325863
1.04064679541
1.18861589354
1.16129325863
1.00953839627
1.16129325863
1.37445812245
1.56322127359
1.45043905623
1.19864885308
1.44103820024
1.63189589746
1.24302863208
0.929706265993
1.27397120387
0.635067659437
0.633957249302
1.6566886488
0.661012083296
1.29901960968
1.19442217348
0.635698411656
1.16129325863
1.32262945489
1.39399606942
1.07243042285
1.19383955605
1.52600652855
1.81074548694
0.928260225594
1.12134466967
1.45043905623
1.22126600367
1.24780611783
1.16129325863
1.46740907223
1.32993194794
1.16129325863
1.28347447354
0.478402135857
1.99039214753
1.44103820024
1.56801737744
1.16129325863
1.07916742852
1.29869420621
-0.5
0.753035262351
0.645994228174
1.24302863208
1.5241955905
0.616973375034
1.16129325863
0.963634659037
0.816383686535
1.16129325863
1.02330272839
1.16129325863
1.39399606942
1.16129325863
1.16129325863
1.5937529868
0.741990440143
1.42168485216
1.56801737744
1.10400380801
1.32427059414
0.113973206146
0.485495164612
1.19875062286
1.47567276632
1.16129325863
0.836176840383
1.45043905623
1.46740907223
0.813470975043
0.657134723848
1.39399606942
1.15798866846
1.51101898371
1.46740907223
1.51631597804
1.45043905623
1.43596990284
0.803882101755
0.667772390331
1.3902735536
1.16129325863
0.902222833981
1.1364958213
1.45418454167
1.50884539075
1.2684936305
1.50344029774
1.10448043807
1.16129325863
1.16129325863
1.39399606942
1.1615752574
1.50884539075
1.52600652855
1.48296432874
1.85371391446
1.38618301418
1.3480307922
1.31177378427
1.29869420621
1.46740907223
1.46146305882
1.34107191393
1.16129325863
1.53157986337
0.221903754419
1.02350221938
1.39399606942
1.39399606942
1.07483338015
0.667772390331
1.52600652855
0.91244389115
1.16684550272
1.28456048134
1.02896956303
1.55188537916
1.50884539075
1.44103820024
1.53157986337
1.51101898371
