2.55524432297
0.409743198111
1.9574444631
4.30753493435
1.55803757243
3.18312298659
2.258015879
-0.5
1.57038937512
6.29466260048
2.27102010815
3.78082754135
3.87019354125
3.11447940435
3.20482814339
1.15289480619
2.58318463333
3.49880197623
3.02435835221
0.840982133665
2.54866489423
0.631398803726
1.79816859584
0.0
3.09527538752
0.222789891539
-0.5
3.98794597976
0.263547367216
4.03770907653
1.85905561082
2.4147972224
4.5734970342
0.983350164531
-0.5
2.47198577564
4.06114305884
2.63531545454
4.07070750043
2.43066350716
4.28906865898
4.16891742466
3.59400004214
3.68278973039
3.15058750307
-0.5
2.57637642375
1.72003347569
0.858035849582
1.6521055054
2.61705149594
3.39463932483
1.78409839442
2.54169399719
-0.5
2.85780223385
4.04102661516
4.50531748386
3.83962622781
1.02686446619
2.10241939535
2.10066803803
0.976764915038
2.12786855825
3.49167033542
3.74392011411
1.38692626717
2.86189461555
1.99693122584
2.42199343483
3.95785897305
2.65418697022
2.87741647973
0.0
4.47137171345
2.81917811469
-0.5
4.17193917959
0.3658711119
4.18647469714
3.40050042955
1.62281976383
-0.5
2.45163932767
5.47815737254
2.90208081644
0.0
1.49095091038
4.60067911503
0.695334809157
2.48515084101
3.73886415518
2.28138344708
2.79786334685
2.77667494257
4.0881277286
1.78452904743
1.7746477217
3.41779399822
3.44295305072
-0.5
-0.5
-0.5
3.90455168133
-0.5
4.05170968161
1.67711881636
2.05654580845
2.01423907448
4.37571635666
-0.5
0.817596079565
2.96524806228
3.08763507655
4.42415403609
3.03249872712
2.45163932767
3.54854625951
1.86356717877
1.06786284501
3.64102795486
2.29032799411
0.50016358462
1.77478748583
2.64293913018
-0.5
0.864708430045
-0.5
3.34430075139
4.33087755897
2.55174375558
2.54940535996
4.96934380212
3.70656213533
1.82711221127
2.92065638213
2.4648599918
0.568587910625
-0.5
4.00992141764
-0.5
3.24800996157
3.21051342954
1.27208353989
2.54941669066
2.25308851077
2.49441594041
2.05688884336
1.71361047699
2.59732204944
4.15733354039
0.0
3.13812049023
3.32288368122
2.11297167191
0.44136911575
2.52836957181
-0.5
1.67111780688
3.28548898661
3.45647585514
-0.5
8.65652073699
3.69382489823
0.929315447394
2.10392871837
1.14699655655
2.47504083724
3.30047227788
2.07901183243
1.83079264727
3.08725768872
0.0
1.97883555215
2.35027295089
0.0
1.37814497082
1.43271140405
1.22115415275
1.78125923898
3.53170203937
-0.5
1.90629688414
5.19907631218
2.6169612634
3.45696937637
2.68830329284
-0.5
3.33671042485
0.649412569929
0.461585245502
2.96208655788
4.95107563865
3.28794105078
-0.5
3.26862355801
2.40119991676
-0.5
-0.5
3.31462294846
2.07081030279
3.56188046855
2.56777405707
5.27348097169
4.93481518045
3.9215811101
2.93944691581
1.02183271083
3.76852329703
2.56432000791
1.82148882728
3.14185831963
0.754551640291
3.8540624505
0.0
4.43540823277
3.75602683322
3.44506706546
2.35437267858
3.05058729535
3.4570605064
4.06595970669
3.65431620404
2.31995456745
5.00203138098
4.36553837156
3.2637958646
2.71432366214
2.61878689635
3.15021644021
5.1531675294
4.37444286241
2.72597840139
3.44300605002
1.65726429309
1.84537800979
2.87273432993
2.63601756479
1.99760471603
1.60775838231
4.24036974699
1.62719116301
2.71645622033
3.47040087411
2.14171861991
5.95982555531
3.52225604257
3.6495934309
2.1745647905
2.96674086446
