1.1349617014
0.694951725086
0.696716053528
0.577893534524
0.39632790825
1.19043845523
0.947383158297
0.219465823486
0.405294011445
1.98492502233
0.500333470984
0.948658114261
1.4842413605
1.17438595553
0.985930509798
1.02446200533
0.951979879507
1.55528932805
1.0123574116
0.264947911168
0.94251169538
0.140310845272
0.874382652838
1.36972956454
1.28027981513
0.711209870462
1.16369964443
1.55287688439
0.826749255646
1.64224979622
0.947261804555
1.24671365369
1.26435988515
0.218522258785
0.183021421535
0.874921239421
1.33952493784
0.780070101009
1.49832743752
0.698096526866
1.01238555633
1.51068535363
1.18971781852
1.49895327342
1.36544383546
1.32770175428
1.09030354635
0.382229661264
0.262717160336
0.607875297496
1.05294317405
1.37188977226
0.903511395743
0.544205785839
1.03614996083
0.842263842587
1.68072196386
1.67910530581
1.28520510013
0.302886800907
0.681465183266
0.661259564007
0.716612517439
0.472859679611
1.23217087109
1.02306205253
0.627853201216
0.830421025679
0.723851217142
0.972658246863
1.52396866068
0.913893400789
0.797683855536
1.04446098414
1.35918910372
1.27463217363
-0.5
1.56601979157
0.702605049105
1.49030732013
1.2211886908
0.57533884972
1.22610913638
0.856995114078
1.89792386056
0.810472238039
1.26043584241
0.224746397534
1.54331964745
0.511648702612
1.0882391928
1.48120463567
1.07410372898
1.26989555856
0.83004643661
1.42517929739
0.957296668478
0.912884678897
1.16113119964
1.15398956683
-0.5
1.01992565819
-0.5
1.61265926395
0.851302645721
1.51325077503
0.605277134709
0.779572099427
1.03094201655
1.35570311122
1.18619902953
1.08882306054
1.19566254072
0.705173195107
1.43499719321
1.09015683806
1.68548884913
1.06747263064
0.395765699496
1.05199746117
1.32626958568
0.773403344248
0.70745330541
0.676007536975
0.932572791125
0.547282619651
0.289070315413
1.36465725575
1.32770175428
1.40837547866
0.951454088322
0.860753842387
1.3458637111
1.40979158563
0.392984059108
0.588216584588
0.652310229013
0.126352869028
0.208363523672
1.41455043849
0.242433572538
1.48295734189
1.10747697105
0.290150528583
1.11146820734
0.956550533258
0.69775151641
0.947842070751
0.982683949908
0.836441936913
1.50787967564
0.869184880433
1.17167525226
1.43751969484
1.19342993984
0.791454881326
1.06786695243
0.868645191393
0.821014325361
0.925902164254
1.00297476568
0.191050203768
2.71132559587
1.60233145887
0.878948090943
1.11877428309
0.679031631446
0.818932078969
-0.5
0.825500043847
0.530835756658
1.00432189071
1.56288486957
0.468613926569
0.794505100198
1.0029772128
0.512610134018
0.630586263397
0.499420758682
0.919292176563
0.972621900009
0.926524737831
0.942140048326
1.93312806937
0.779486823176
1.52659788706
0.869622953964
1.39755859275
1.08550659947
0.144313904429
0.456052105482
1.33267198
1.17448782725
1.16028638223
0.555637330305
1.4282269642
1.03666334707
0.548325693858
0.290016570626
1.48144325501
0.460180067287
1.40121209072
0.995267324649
1.53173454347
1.43198414738
1.62658023703
0.483448768124
0.448606379755
1.42008851045
1.25410814991
0.769770598863
1.08052084059
0.946249641127
0.646892754193
1.32542200211
1.56634577014
1.24198364795
1.17378243651
1.0322496708
1.24503791748
1.10309723073
0.96425301367
1.26560988783
0.850130098649
1.60664938025
1.5797552122
1.50932405083
1.02447933233
0.996767458447
1.39525360301
1.92292611764
1.39704056287
1.02310991107
1.33170824809
0.365503176242
0.529127924452
0.833876755355
0.974670569954
0.882801048007
0.471051235092
1.47702661044
0.361598036224
0.993619653742
1.20572400377
0.579745022343
2.10377075832
1.43087171316
1.39435409576
0.875616745888
1.18026340198
