1.83727307909
1.57951357876
1.35288737711
1.51616880945
0.973084115702
2.18755104289
1.62281748745
0.787011422976
1.10431087766
3.96231255582
1.25426341888
2.04899761235
2.52500713352
2.15250047443
2.03872970156
2.21072910504
1.71697574894
2.38822332013
2.01529778772
0.658170163396
1.74508617234
0.701819829792
1.36918197903
2.15212824015
2.13462233383
1.71699662123
1.86487084302
2.64727101472
1.69935243861
2.6740626823
1.44212206882
1.75904575342
2.73385335232
0.546305646962
0.457553553837
1.71534505017
2.154879204
1.83048404619
2.65241521154
1.59502204765
2.22242041972
2.75908175535
2.62484983497
2.45123991458
2.14837326064
2.27701048236
1.79301948571
1.26369714441
0.69988471835
1.18852228851
1.76519600499
2.28092309842
1.949684541
1.57832329344
1.94876037627
1.95484911582
2.70180490966
2.94234247579
2.49396178629
0.890909411407
1.44971000517
1.45334160172
0.889591587769
1.41923320506
2.21789699779
2.19333252758
1.14837018699
1.75624637394
1.34829365348
1.66234092638
2.5917346544
1.95140016864
1.87190945196
1.61115246034
2.80759890383
1.99908043409
-0.5
2.69423583651
1.39482328465
2.64471678863
2.23666265437
1.13509110788
2.07500773259
1.34132581601
3.47261737822
1.73655505187
2.11983960601
0.93277628931
2.88982958627
1.0659434511
1.85498771066
2.61730445183
1.67493150116
1.97541184556
1.64970246657
2.46294824348
1.68947515913
1.32644829129
2.22273482841
2.34369710855
-0.5
1.98226874018
-0.5
2.60008635163
1.93663146648
2.70710551762
1.2276484197
1.97183238074
1.50722062973
2.53310328171
1.89377592467
2.07514101453
2.17461077383
1.74369838034
2.87025629594
2.04539192418
2.71372212282
2.15117288215
1.27969553739
2.04053451799
2.31226369549
1.57539104082
1.13928250599
1.2081175498
1.75852944602
0.928675940012
0.89752161317
2.10627895961
2.28800438569
2.81932293011
1.78695849007
1.70488796356
2.1899084696
2.49935708931
1.31674587915
1.48110701163
1.61392836039
0.573894636741
0.793379741024
2.66137609622
0.849100165199
2.24136006509
1.86180552258
0.846029910326
1.89372544073
1.7089024578
1.49637621047
1.53889624507
2.25542145365
1.7768437176
2.73416269499
1.9463125706
2.00859723692
2.30746077448
1.77721513997
1.40431115057
1.78515900748
1.85387866538
1.53874977059
2.04578748823
2.07338369639
0.662997912905
5.27831398968
2.50582864716
1.88490026094
1.61712777603
1.01353695403
1.45606676311
-0.5
1.35838293378
1.22240645069
2.01080472677
2.74054550727
1.1432230823
1.5612627505
2.07305237773
1.10653977906
1.17190321051
1.12176642619
1.43239965738
1.83021152711
1.43914747575
1.50998483512
3.33282017343
1.62741941739
2.36212017883
1.85073198329
2.52414410638
2.15016616393
0.360784761071
1.11325802431
2.03696921117
2.58325135364
2.10317406872
1.57732788539
2.33105761065
1.86637082665
1.1786945076
0.994119399356
2.44365749988
1.48554820697
2.36809238786
2.14606486864
3.12242085818
2.79751003819
2.61042620592
0.973473818765
1.09792935504
2.44555286709
1.84111251346
1.2930196034
2.16964428081
1.95408594114
1.45126396769
2.10691522572
2.78885842555
2.36102524699
2.25586418898
1.71401579356
2.06440199272
2.25003148521
2.01363914211
2.50219729408
1.89984320534
3.11988485726
2.79979024446
2.27331012709
1.89996348818
1.91732935532
2.40998655728
3.30731529411
2.73658685932
1.74631170709
2.33996032022
0.913757940605
1.2717098458
1.70604736842
1.88014366025
1.45258612045
1.05149887129
2.67193034773
1.26554328871
1.84424023461
2.32491989542
1.4919402456
3.75942689581
2.397428607
2.48588523939
2.00830708384
2.07565850494
