1.72108261863
2.58718858533
1.48387977589
1.47587701977
1.36095796176
1.96788836467
1.96788836467
0.520203594841
0.767010646848
3.43223646082
2.01813730525
2.32311460071
2.30586762476
1.48387977589
1.31933898637
2.74715921218
1.60272247451
2.18198820826
2.79506594641
0.37396642813
1.48387977589
0.260359405471
1.42000413025
1.77717847026
2.29365029033
1.46724944276
1.81479584381
2.65565613749
2.57801958566
2.55237071958
1.42000413025
1.41749102027
2.40222721669
0.341919618438
0.333736273005
2.4846925052
2.35131716869
2.52653617224
2.57801958566
1.56352531446
2.16599349203
3.65993403097
2.35131716869
3.23128104133
2.69605204151
2.12337436735
1.61780741528
0.768692865927
0.783879775889
1.48387977589
1.81479584381
2.32311460071
2.47045268652
1.20429738875
1.87173748146
2.39013032715
2.49759329559
2.57801958566
2.64488920135
0.783879775889
1.2160262975
2.22722721669
0.968506542164
1.00419747824
2.22636025062
1.91920341757
1.35622562597
1.48387977589
1.70075629176
1.91134406359
2.48418335335
2.35131716869
2.40301958566
1.48387977589
2.68069877809
2.01933898637
-0.5
2.5597702317
1.85453162241
2.4299945266
1.64838237771
1.17190688983
2.40222721669
1.28238055672
2.97006594641
2.17168789576
2.01933898637
0.626755531762
3.47348751795
1.28979584381
2.17082066081
2.65456731046
1.48387977589
1.98979584381
2.11691318571
2.17082066081
1.59542878632
1.48387977589
2.57801958566
2.52653617224
-0.5
1.88262186319
-0.5
2.59473959011
1.90026979625
2.57801958566
0.85201657408
1.9920289005
1.48387977589
2.57801958566
1.92592019817
2.40222721669
2.2803035409
1.8672869581
3.14555469663
1.98979584381
2.5725867715
1.61410785578
1.46724944276
2.07899099892
2.20938917647
2.35131716869
1.48387977589
1.72444480591
2.00703606517
1.48387977589
0.545054498263
1.73984920485
2.12337436735
2.68966382077
2.35131716869
1.87145900771
2.32311460071
2.89568769238
1.02908589624
1.74578583373
2.39437729939
0.360103710058
0.335791698087
2.97006594641
0.458917384211
1.98763672336
1.81479584381
0.546472793969
1.66933898637
1.96788836467
2.18198820826
1.41476423695
2.15581941123
2.57801958566
3.43223646082
1.70222721669
1.82756129405
2.35131716869
1.70577594089
1.92592019817
1.8081881528
2.40222721669
1.98979584381
2.37586737221
2.53733760986
0.395512729788
3.97117644259
2.32311460071
2.70405213231
1.48387977589
1.42000413025
1.89608261863
-0.5
1.31861621926
1.01314813341
1.48387977589
2.5725867715
1.16057223038
1.48387977589
1.85910235715
0.777376384991
1.48387977589
0.758826948308
1.48387977589
2.18198820826
1.48387977589
1.48387977589
2.78125896039
1.43514362366
2.44755640117
2.70405213231
1.76027870358
2.04096681588
0.341919618438
1.28979584381
1.77873121185
1.98148635866
1.88365684716
1.46724944276
2.35131716869
2.40222721669
1.2133513331
0.540286590387
2.18198820826
1.16142011994
2.53305695114
2.40222721669
2.66383993278
2.35131716869
2.42517801077
0.827871776647
1.10003021166
2.17082066081
1.48387977589
1.28238055672
2.51037652203
2.59709022954
2.52653617224
1.98223013973
2.85087278447
2.33461730406
2.23623717146
1.68885361495
2.18198820826
2.14798134673
2.52653617224
2.57801958566
2.51466382077
3.56114174339
2.37737071958
2.04409237661
1.9353213528
1.89608261863
2.40222721669
2.38438917647
2.65777029077
1.48387977589
2.59473959011
0.665711263257
1.77262882063
2.18198820826
2.18198820826
1.30887977589
1.10003021166
2.57801958566
0.558193522971
1.84672306853
1.94837436735
1.88071635832
2.65565613749
2.52653617224
2.32311460071
2.59473959011
2.53305695114
