2.39347103104
0.608447200377
1.63979962648
3.84008688718
2.39624880882
2.93519935966
2.61314727444
-0.5
1.46585107808
4.97039410137
3.47273834486
3.85238288128
2.90591984668
2.5038138531
2.34473164395
0.803513160121
2.31731798783
2.96998034711
4.17510991069
0.724552047061
2.0840853915
0.643824197808
1.63979962648
0.0
3.08252121693
0.502786563275
-0.5
3.75942689581
0.413430272564
3.58728453263
1.63979962648
1.62225576683
3.54019350541
1.02274526319
-0.5
3.43567709463
3.25219528115
3.54422695374
3.63003264277
2.41013769771
3.63003264277
5.37766782939
2.81101881056
4.71880173555
3.61281415991
-0.5
2.23327900508
1.74544049083
1.06402812087
1.80646629315
2.64965973968
3.20519100118
1.85242886085
2.41157407928
-0.5
3.59767204412
3.49598882599
3.63003264277
3.74148200225
1.01573269334
2.52671049583
3.26760091671
0.938144893251
2.05461484469
3.37976578299
3.14478624344
1.63979962648
2.40377654042
2.1127719165
2.5475888135
3.47363892226
3.25219528115
3.44582211645
0.0
4.21107482297
2.69889831062
-0.5
3.52605445255
0.41320099377
3.3655709945
2.43584883957
1.62225576683
-0.5
1.80646629315
4.28344324402
3.78614649293
0.0
1.21719317213
5.12247919658
0.894254128109
2.95136776802
3.70761218411
1.83828427968
2.64965973968
3.08552861449
2.95136776802
1.80646629315
1.80646629315
3.63003264277
3.54422695374
-0.5
-0.5
-0.5
3.65789931685
-0.5
3.63003264277
1.46039934399
1.9925768441
1.80646629315
3.81917106717
-0.5
0.654220044203
2.82707245959
2.82923174325
4.57592449438
2.76120521162
1.80646629315
2.75267975963
2.76120521162
1.08769094033
3.24481529411
3.25219528115
0.458270415675
2.46676365817
2.63378899006
-0.5
1.04769198136
-0.5
2.83657632654
3.79527303462
3.25219528115
2.46605517336
3.20519100118
4.1594794873
2.2151431604
2.67327480746
3.50572540381
0.662672850097
-0.5
4.11677657735
-0.5
2.63071649243
2.64965973968
1.03578798995
2.46556497728
2.61314727444
2.96998034711
1.59218057886
2.09098646912
3.63003264277
4.9912274347
0.0
2.52465973968
3.25219528115
2.09661369392
0.446991240244
2.63166904309
-0.5
1.09506544827
4.10487181545
4.06476608784
-0.5
5.50751629321
3.20519100118
1.10144366358
1.80646629315
1.63979962648
2.39624880882
3.77064244274
1.93478906994
1.62225576683
2.2151431604
0.0
1.71223267897
2.12891667532
0.0
1.63408355452
1.80646629315
0.996720768906
1.63979962648
2.96998034711
-0.5
1.80646629315
3.96876493398
2.44154536944
3.35238674469
3.84008688718
-0.5
3.08530423134
0.632366030729
0.434427849527
2.3122263735
3.80247726444
2.8515802281
-0.5
3.25219528115
3.25371202782
-0.5
-0.5
2.96998034711
2.2837712465
3.55509491856
3.53057448329
4.11947982626
3.7119642671
3.40798890855
3.84008688718
0.857800671036
2.95136776802
1.89463001194
1.80646629315
4.1594794873
0.569195355717
3.54422695374
0.0
4.17233213291
3.66787425445
3.48164911803
2.28961786268
2.96998034711
3.44582211645
4.31807457524
3.63003264277
3.70581225031
5.26856957232
3.65338150083
2.65361549949
2.55886892133
2.49347103104
2.49347103104
3.30731529411
4.0553055922
2.07306627441
3.65789931685
1.23451877209
2.57849982569
2.96998034711
2.96998034711
1.63979962648
1.75646629315
3.63003264277
1.0414336494
2.37630516918
2.83657632654
2.48647062647
3.72371261009
3.54422695374
3.20519100118
2.39624880882
3.55509491856
