1.65689444252
1.37964014165
1.20636489184
1.32355056526
0.827578838435
1.93212553905
1.45739707328
0.724947884085
0.999617018574
3.36985004466
1.04277247277
1.7284914897
2.17808520918
1.90503544916
1.74540272112
1.82922306272
1.49292849708
2.1105786561
1.76126913002
0.603613721928
1.50649762286
0.705098874253
1.25330189675
1.89132868161
1.88566364106
1.49044471038
1.65747870053
2.31781681178
1.52170940645
2.33012505361
1.32853412463
1.58826838684
2.2755125452
0.437044517569
0.36604284307
1.52223326556
1.91179681224
1.63042654465
2.30790569947
1.3939153141
1.81907546526
2.40346973272
2.21739404358
2.14253462407
1.88937198294
2.00471082455
1.58932920681
1.13420691202
0.577144501684
1.07991405581
1.52859111674
1.99457865636
1.68222242713
1.34978216629
1.70559923899
1.71586541227
2.36144392773
2.54794206507
2.1591673216
0.774583853844
1.30056470289
1.2879626862
0.860977351104
1.23022016646
1.90406817467
1.81220976797
1.07724579465
1.4832166689
1.17395404355
1.46740706181
2.25277959127
1.76112013491
1.57220062571
1.48892196827
2.382735539
1.79093101394
-0.5
2.31806143173
1.2268362074
2.25991363246
1.94077992224
1.00850025913
1.84723347606
1.1798822487
2.97809390257
1.44006049087
1.88337168481
0.904632260693
2.46201495945
0.952049535119
1.64728456318
2.26157487015
1.51914740575
1.76726532278
1.44300846032
2.11702526145
1.47912032404
1.21868435541
1.91888312782
2.05844696344
-0.5
1.68441908911
-0.5
2.27094398907
1.60845574004
2.36435446154
1.1021517
1.58662675746
1.37772273913
2.17518336442
1.69216479851
1.80265398818
1.86075924216
1.45874234007
2.47597702859
1.79365481372
2.37097769826
1.80186940092
1.14117682929
1.75546661016
2.03652345101
1.39793197166
1.06132595448
1.06606508825
1.53885077123
0.867128508363
0.860102056873
1.85907172499
2.01790350855
2.42964924906
1.60446913069
1.49201101571
1.95192677568
2.18943692154
1.18711099587
1.27487037498
1.41977935036
0.562320695061
0.743692165556
2.31243421031
0.7764866257
1.98855915736
1.65168965605
0.741159545641
1.66100232154
1.56079908277
1.31785417559
1.39911289397
1.93382179447
1.56914847423
2.37311555834
1.59396326224
1.72962324203
2.03143323453
1.59889857314
1.26100458491
1.59500585921
1.65600920706
1.39866375846
1.73673742592
1.76521048058
0.604547291718
4.42265119175
2.20466291773
1.64959888885
1.4884457148
0.994747664339
1.2616813701
-0.5
1.1807553038
1.06706247419
1.80864378142
2.39243640581
0.968445147369
1.3590102004
1.75983273914
0.99617391115
1.09940818425
1.01240390992
1.33292074563
1.62363193252
1.33378556641
1.40317508715
2.86625613875
1.38327943037
2.08361274824
1.64202444822
2.16910903179
1.85405232084
0.288627808857
0.911507913599
1.80220346745
2.25874713045
1.80334050081
1.33715613217
2.04404216858
1.66964831158
1.05016695407
0.902926708601
2.1293837318
1.32247778108
2.06962631686
1.79316850192
2.59219208661
2.35578228486
2.28247754963
0.901128635778
0.955332532759
2.11457493006
1.65522686624
1.16166304394
1.83752075562
1.69844977303
1.29462400703
1.84958998628
2.38135420708
2.00961792613
1.95350360483
1.5512815813
1.83093384768
1.94115883931
1.7854472902
2.13829442831
1.65589794207
2.65163718147
2.40739761466
2.01864810167
1.68881018682
1.7306944346
2.08006359907
2.84585223529
2.31764627316
1.53913080411
2.05855962567
0.731006352484
1.11991106771
1.50148333431
1.68150182235
1.31030229653
0.911185671695
2.27928980683
1.16302288775
1.62304317695
2.03417987074
1.33277737927
3.20754151665
2.11270928191
2.18870819151
1.72433085758
1.84386013729
