2.14944928824
0.318689154087
1.57183952068
3.46861770614
1.26041811189
2.62001183557
1.88354938737
-0.5
1.22646446348
5.03473757815
1.80523786189
3.05175475438
3.09134711328
2.56378701146
2.60375522263
0.896695960373
2.07512988351
2.94351264818
2.44950094061
0.661041659517
2.06966865511
0.491087958454
1.49734100664
0.0
2.52699456716
0.173281026753
-0.5
3.29221195251
0.204981285612
3.32562557804
1.55704325286
2.01852649462
3.64832082252
0.764827905746
-0.5
1.98376671439
3.38088904577
2.10524535353
3.33445600201
1.9559663153
3.50260895698
3.3998987377
2.81462778953
3.05883645697
2.56493506131
-0.5
2.10618751087
1.33780381442
0.667361216342
1.35375401743
2.22992894128
2.75862735711
1.38763208455
2.03242866448
-0.5
2.27387143441
3.31586020686
3.6872633928
3.10674632533
0.798672362595
1.71416245369
1.68940847403
0.864969202925
1.65500887864
2.9009287794
3.03386769109
1.15279450409
2.28147358988
1.55316873121
1.99195980604
3.30055697904
2.1569602361
2.27541749593
0.0
3.61390752358
2.37787927439
-0.5
3.36560181805
0.284566420366
3.42195895248
2.76934865861
1.33236858824
-0.5
2.12905281041
4.45523351198
2.33618631402
0.0
1.15962848585
3.74423190428
0.540815962678
2.06723853291
3.09272767625
1.93644638476
2.36130112162
2.24605581953
3.40187712225
1.52130037023
1.52842970947
2.76939533195
2.7889634839
-0.5
-0.5
-0.5
3.22205871511
-0.5
3.30132975237
1.32109241273
1.59953562879
1.73329705793
3.54565747493
-0.5
0.635908061884
2.41156720634
2.40731405425
3.58915684289
2.4697212322
2.12905281041
2.85025820184
1.44944113904
0.830559990564
2.96802174267
1.86469955097
0.389016121371
1.48760274239
2.08036679822
-0.5
0.672551001146
-0.5
2.7558847114
3.45725000618
2.08786419084
2.05129188816
4.08726740165
3.0217705497
1.42108727543
2.32173056301
1.95189593565
0.442235041597
-0.5
3.21759320138
-0.5
2.73330067718
2.71928822298
0.989398308801
2.0939907594
1.8604268664
2.01787906477
1.69504052896
1.44391925988
2.09421344586
3.39320386475
0.0
2.60742704796
2.71321995549
1.7545335226
0.343287090028
2.10111942855
-0.5
1.29975829424
2.63644608256
2.75704294906
-0.5
6.85630625222
3.05816010603
0.722800903528
1.79070999083
0.95383682793
2.01453793514
2.63647843835
1.74399332999
1.49412527536
2.40120042456
0.0
1.54640425986
1.90576785069
0.0
1.09162737497
1.20030992802
0.973716617472
1.48418928464
2.91354603062
-0.5
1.63082350248
4.26594824281
2.15464508521
2.86159346557
2.16868033887
-0.5
2.69244144155
0.5050986655
0.359010746501
2.46466381402
3.85083660784
2.65913933579
-0.5
2.65337387846
1.96945178711
-0.5
-0.5
2.76970673769
1.6106302355
2.96479591998
2.03970842144
4.27331348303
4.05224187238
3.26440435548
2.39710393647
0.794758775089
3.10468478658
2.15187852467
1.56486168048
2.52700091527
0.586873498004
3.14575227631
0.0
3.65346566253
3.03195679705
2.79986697684
1.94337918574
2.53471604453
2.78239208977
3.29204273483
2.89049155051
1.84885355246
4.05574662965
3.57310832779
2.66350789469
2.23151099648
2.15535277123
2.61551225773
4.23024141175
3.46074900695
2.24366221343
2.83509056415
1.31676111685
1.4692446249
2.34709402132
2.16134699484
1.66480366803
1.31714540847
3.45084313655
1.26559312679
2.20539187507
2.85396258463
1.67298279491
4.8417690827
2.92471766274
3.00523933515
1.75382817039
2.43092190692
