2.35234680561
2.11336523975
1.78686421411
2.00391840642
1.37921745408
2.89611853538
2.07078263319
0.877863293943
1.34663620909
5.68970008932
1.89158215837
2.98573999711
3.56577290655
2.83596568948
2.87550608027
3.35570294124
2.36590397606
3.2211573122
2.73692964641
0.754421456868
2.43914961368
0.56124338109
1.68003245604
2.93452691575
2.85463180205
2.33094549868
2.46729857771
3.64007896613
2.14736301347
3.70587556839
1.74436179349
2.27137785314
4.09315382632
0.874089035138
0.732085686139
2.25580178956
2.87624531351
2.37028040404
3.7037067966
2.12494091827
3.43245528311
3.79274141451
3.79402604857
3.37081309368
2.88730239909
3.06080701711
2.38117904673
1.52891864505
1.05086864134
1.50292976141
2.4929836017
3.12745642458
2.69112418167
2.17682314336
2.6324620372
2.57289168582
3.72288785545
4.1055347235
3.47585090931
1.21154720363
1.81694368325
1.89503825603
0.953650207681
1.89143871844
3.14832355284
3.32877918656
1.28495741183
2.57168410272
1.90267143478
2.22092224864
3.59587464271
2.40557360316
2.74662700206
1.92784393654
4.05207705437
2.59852869454
-0.5
3.80566607502
1.85172026546
3.79912625714
3.09235440897
1.46986872615
2.71693654553
1.82565651793
4.96669544226
2.61688895216
2.79174336962
0.898985590137
4.1524175334
1.384934187
2.46502219824
3.70884891238
2.10891491592
2.57958223424
2.25781253118
3.50071718957
2.29526116807
1.65153871559
3.09359466508
3.11595826731
-0.5
2.85861916117
-0.5
3.58751343931
2.91319508585
3.67651971699
1.50119859034
3.11828839771
1.8737680662
3.58095292893
2.47292342399
2.85038787484
3.11472103937
2.55857117059
3.98998877282
2.75110997966
3.74195539651
3.19013587392
1.58306279798
2.86240490815
3.10507834273
2.04361337699
1.32981322164
1.60778677741
2.37583531278
1.0641304786
1.15628126165
2.84790066348
3.06080701711
3.92786237119
2.29470978469
2.3140350325
2.88345484441
3.38916634252
1.57193623643
2.03986644908
2.18098002239
0.505411476111
0.833454094688
3.65820175396
0.969734290153
2.99976278829
2.46115788419
1.12265959158
2.57087282934
2.07620213303
1.99100606564
1.91532026811
3.14323579963
2.34576774765
3.78151870257
2.99834055444
2.84551922159
3.12507877937
2.29995596555
1.78849670448
2.32346272069
2.34958076557
1.93405730145
2.93216430691
2.95491553731
0.76420081507
7.84530238349
3.40932583546
2.51579236377
1.97509713238
1.07059022649
2.02572831588
-0.5
1.8912658237
1.63205368909
2.51728756284
3.7515394783
1.62998804936
2.12802040079
2.98010723124
1.34112254965
1.36286846335
1.41485694582
1.67716870625
2.39048760004
1.70609895132
1.76856019331
4.73251227749
2.33096122017
3.19764247059
2.42849181586
3.5738792577
3.01551033724
0.577255617714
1.70551945979
2.74126644235
3.447951309
2.99182802676
2.22254932122
3.18165785681
2.39665338828
1.50308062992
1.1600662825
3.38163056896
1.84072026915
3.24562007981
3.18348119726
4.71310717288
4.11260764045
3.59427217482
1.12226199231
1.47182303354
3.4303540418
2.39143259963
1.65479445023
3.1428266402
2.68158394234
1.83757101677
2.84872882233
4.01137108096
3.39904230046
3.11919594145
2.17796448645
2.79265166994
3.12157034372
2.60701205468
3.55090129583
2.5567703946
4.50804266255
3.96625384814
3.03729620334
2.47291732931
2.38706983379
3.39351441203
4.69170447058
3.97272748333
2.34243964429
3.14314990673
1.46201270497
1.65736550779
2.25511984307
2.39868227981
1.84370419203
1.4325614607
3.84560644177
1.4463921449
2.47739620816
3.13539601509
1.8881971141
5.41508303329
3.22348685266
3.32741638303
2.80825250176
2.72105360791
