1.0702401556
0.655855683737
0.827408594359
1.21396710759
0.622215562574
1.21488890884
0.966731325535
-0.5
0.475427567359
1.44246251116
0.660759393897
1.1752425179
0.75480782937
1.16739165099
0.939198309182
0.287000190211
0.628588296058
1.27764466403
0.96443397917
0.45030016907
0.734428189491
0.656704216823
0.727550546736
0.0
0.911954737664
0.66004855004
-0.5
1.32945420294
0.379587317118
1.18937508258
0.787190389507
0.829714311261
1.00809753827
0.787906392109
-0.5
0.812264690656
1.34012700654
0.952670400391
1.26931445901
0.814676129507
1.368229851
1.28660515802
0.585466914058
1.20947663671
1.05138284309
-0.5
0.864699719598
0.902275544918
0.43696637584
0.765355417874
1.18106127733
0.913151550099
0.387665136585
1.0610125513
-0.5
0.990145770877
1.14036098193
1.34857731008
1.17824210869
0.533450305544
1.02751662872
0.655683435185
0.635464419524
0.736053899956
1.18761099393
0.971210422035
0.742247040957
0.747289721814
0.566038088573
0.805705073506
1.32865099701
1.19028003373
0.773094861122
0.0
1.25046420327
1.18412981231
-0.5
1.0140897334
0.548413902264
1.14266511215
1.0643710667
0.68057634898
-0.5
1.16129325863
1.49452347564
0.772858092144
0.0
0.529197998597
1.29589027204
0.561829668624
0.950954994492
1.25906832225
1.01234948354
1.16852621065
0.877602984029
1.34312530318
0.89620753952
0.909171723421
1.10892989718
1.25754055175
-0.5
-0.5
-0.5
1.17457981644
-0.5
1.33431301468
0.676227487532
0.706474821291
0.916941596511
1.15321520475
-0.5
0.450844008841
0.791433729408
0.648994970996
1.34744973128
1.07532122226
1.16129325863
0.76342974312
0.75209698561
0.568651427223
1.11742222374
0.9000256061
0.514772677726
0.833414908733
0.456058893252
-0.5
0.956078714449
-0.5
1.19956516285
1.1876895628
1.0532847495
0.786395665275
1.44103820024
1.14192172161
0.919598661114
0.787728840934
0.860928142521
0.23668003911
-0.5
1.00214701412
-0.5
1.18917282401
1.24561260328
0.361086203836
0.769322356294
1.01726336187
0.903228493874
0.74449558577
0.887970608554
0.935547775442
1.27636171282
0.0
1.01534672114
1.07043252111
0.879219074656
0.419323268742
0.991614154917
-0.5
0.48567975632
0.873011110159
0.892127817457
-0.5
1.45566279794
1.15116572943
0.457641172861
0.941843281898
0.795882326584
0.782422401678
0.883776222266
0.738937822651
0.729480302496
1.24302863208
0.0
0.336873540882
0.882902092156
0.0
0.815840538883
0.906230499921
0.302335456631
0.792979421615
1.2380552771
-0.5
1.07523669083
1.46656403469
0.950521776879
1.07546573318
1.00611117639
-0.5
1.01258384993
0.20170240676
0.247699867366
0.972395582454
1.45011951541
0.8926703847
-0.5
0.954170892411
0.931005697463
-0.5
-0.5
1.2379560318
0.72117018511
1.26657112044
0.683756879328
1.27281101706
1.40452194815
1.2928740916
0.934877630022
0.401157471131
1.1386156838
0.964554074953
0.941571149159
1.22011252571
0.353839071143
1.32082175376
0.0
1.31597128512
0.989508435389
1.07364171098
0.904675437755
1.15157614516
0.947860524103
1.22843722203
0.996630886081
0.717411461302
1.35415533466
1.26010391077
0.98379783111
0.944611461036
1.16947347281
1.05466353085
1.46146305882
0.839718730132
0.937890120126
1.22032462836
0.407751588121
0.626256222976
0.920308241343
1.11815605492
0.756400524004
0.705158265495
1.20726330522
0.37484663716
0.800983238278
1.2135762876
0.523326344473
1.48759966488
1.26126918992
1.29717704788
0.716414814556
1.08818848188
