1.7436542535
0.227635110062
1.18623457826
2.62970047793
0.962798651347
2.05690068456
1.50908289574
-0.5
0.882539551835
3.77481255582
1.33945561564
2.32268196742
2.31250068531
2.01309461858
2.00268230188
0.640497114552
1.56707513368
2.38822332013
1.87464352901
0.481101185369
1.59067241599
0.350777113181
1.19651341744
0.0
1.9587137468
0.123772161966
-0.5
2.59647792526
0.146415204009
2.61354207956
1.2550308949
1.62225576683
2.72314461084
0.546305646962
-0.5
1.49554765313
2.70063503269
1.57517525252
2.5982045036
1.48126912344
2.71614925499
2.63088005074
2.03525553692
2.43488318355
2.00424036679
-0.5
1.63599859799
0.955574153159
0.476686583101
1.05540252945
1.84280638663
2.12261538939
0.991165774676
1.52316333177
-0.5
1.68994063497
2.59069379855
2.86920930173
2.37386642285
0.570480258996
1.32590551204
1.27814891002
0.753173490811
1.18214919903
2.31018722338
2.32381526807
0.918662741019
1.7010525642
1.10940623658
1.56192617725
2.64325498503
1.65973350197
1.67341851213
0.0
2.7564433337
1.93658043409
-0.5
2.5592644565
0.203261728833
2.65744320781
2.13819688767
1.04191741265
-0.5
1.80646629315
3.43230965141
1.7702918116
0.0
0.82830606132
2.88778469353
0.386297116198
1.64932622481
2.44659119732
1.59150932245
1.9247388964
1.71543669649
2.71562651589
1.25807169302
1.28221169724
2.12606816569
2.13497391707
-0.5
-0.5
-0.5
2.53956574888
-0.5
2.55094982312
0.965066009091
1.14252544914
1.45235504138
2.7155985932
-0.5
0.454220044203
1.85788635039
1.72699303195
2.75415964968
1.90694373729
1.80646629315
2.15197014417
1.03531509932
0.593257136117
2.29501553048
1.43907110784
0.277868658122
1.20041799895
1.51779446626
-0.5
0.480393572247
-0.5
2.16746867141
2.5836224534
1.62398462611
1.55317841635
3.20519100118
2.33697896407
1.0150623396
1.72280474389
1.4389318795
0.315882172569
-0.5
2.42526498511
-0.5
2.21859139279
2.22806301641
0.706713077715
1.63856482814
1.46776522203
1.54134218912
1.33319221457
1.17422804277
1.59110484228
2.6290741891
0.0
2.07673360569
2.11658568249
1.39609537328
0.245205064305
1.67386928528
-0.5
0.928398781601
1.9874031785
2.05761004298
-0.5
5.05609176746
2.42249531383
0.516286359663
1.47749126329
0.781745399055
1.55403503304
1.97248459882
1.40897482754
1.15745790346
1.7151431604
0.0
1.11397296757
1.4612627505
0.0
0.805109779111
0.967908451985
0.733607107718
1.1871193303
2.29539002187
-0.5
1.35535012082
3.33282017343
1.69232890702
2.26621755477
1.64905738491
-0.5
2.04817245825
0.360784761071
0.256436247501
1.96724107016
2.75059757703
2.0303376208
-0.5
2.0381241989
1.53770365746
-0.5
-0.5
2.22479052692
1.15045016822
2.36771137142
1.51164278581
3.27314599437
3.1696685643
2.60722760085
1.85476095713
0.567684839349
2.44084627613
1.73943704143
1.30823453367
1.91214351091
0.419195355717
2.43744210213
0.0
2.87152309228
2.30788676089
2.15466688822
1.53238569289
2.01884479371
2.10772367314
2.51812576297
2.12666689698
1.37775253747
3.10946187832
2.78067828403
2.06321992478
1.74869833082
1.69191864612
2.08080807525
3.30731529411
2.54705515148
1.76134602546
2.22717507829
0.976257940605
1.09311124
1.82145371271
1.68667642488
1.33200262002
1.02653243462
2.66131652611
0.903995090561
1.69432752981
2.23752429514
1.20424696991
3.72371261009
2.32717928291
2.36088523939
1.33309155028
1.89510294939
