1.25567638964
0.61305816882
0.974390632131
1.59923051149
0.734904413521
1.46486553698
1.12048098769
-0.5
0.609174425232
2.051591689
0.853570069846
1.45710268286
1.14423104336
1.41432875652
1.21773958742
0.373698845821
0.870132036576
1.55528932805
1.2250850636
0.502081480836
0.962620947746
0.636675240369
0.863220751592
0.0
1.18611707767
0.614214747139
-0.5
1.65890840589
0.369947660551
1.54541683182
0.923064989539
1.02784967515
1.44239114107
0.790098498503
-0.5
1.00765920581
1.68025401308
1.16018632452
1.61438649378
1.02060234879
1.736459702
1.64265476049
0.963046831212
1.51895327342
1.2899951234
-0.5
1.08100762633
1.01437251841
0.472923298723
0.872972740509
1.36212255465
1.22420641216
0.548603062007
1.23898534823
-0.5
1.21867661866
1.50294418609
1.74477366778
1.50135722507
0.58936793135
1.16852009955
0.833224064102
0.679597569699
0.9169699553
1.47643656277
1.31873663354
0.826885386263
0.966013279576
0.742598527019
1.00918342636
1.65730199401
1.38056006746
1.00918347884
0.0
1.65168349992
1.39031844814
-0.5
1.40975841418
0.496034153735
1.52333927408
1.32480256459
0.792115262275
-0.5
1.32258651726
1.98904695129
1.01232837675
0.0
0.641069013222
1.71066943297
0.572377285966
1.13382373002
1.5681366445
1.17251642739
1.37381712719
1.10937263473
1.68625060636
1.00953374469
1.00916470288
1.38024818722
1.51508110351
-0.5
-0.5
-0.5
1.51582629955
-0.5
1.67221563787
0.807216879827
0.881215896452
1.05447142832
1.55738527061
-0.5
0.501688017681
1.06372870284
0.952760912881
1.73015587282
1.31558605354
1.32258651726
1.11168091481
0.897692423232
0.637302854447
1.43521209454
1.07476865477
0.498405004575
0.943145606939
0.730299604686
-0.5
0.956601873343
-0.5
1.47055889713
1.57591221665
1.21713115957
1.00709847864
1.88207640047
1.46492574456
1.02672579014
1.05799444657
1.05897956741
0.269676166715
-0.5
1.3803624043
-0.5
1.44652746621
1.49122520657
0.467397071505
0.983089157033
1.1763918031
1.09119554984
0.910419742969
0.994691217108
1.12651350754
1.63892134231
0.0
1.28069344227
1.35240350377
1.03621592709
0.387312157578
1.18610087586
-0.5
0.638026179307
1.13275748869
1.20571785325
-0.5
2.35577004032
1.46899812553
0.521522455802
1.08836492637
0.827875764278
0.970392578022
1.16801540749
0.906447073874
0.870552083688
1.48605726416
0.0
0.543337725038
1.03909367577
0.0
0.881834933316
0.97763957127
0.416951615017
0.919292176563
1.52724691784
-0.5
1.18288078907
1.93312806937
1.16136595195
1.37315368858
1.21590656331
-0.5
1.30096135066
0.25946541958
0.27317751251
1.22110695438
1.90023903081
1.13252076487
-0.5
1.24551283745
1.10990366201
-0.5
-0.5
1.4984120636
0.896695757479
1.55477685626
0.911154917086
1.77289476139
1.84580860219
1.62146246891
1.18773771618
0.478780981131
1.46770755807
1.16521926102
1.05359684377
1.46779858083
0.407678142287
1.64164350752
0.0
1.70601664432
1.3277105604
1.3729778664
1.07613849489
1.38167793134
1.26414210084
1.56769758778
1.30165979435
0.915075023443
1.80885891493
1.64917607551
1.2704802776
1.16806907592
1.35625463793
1.30097402375
1.92292611764
1.28322601921
1.1633619396
1.4913754465
0.565503176242
0.762664027369
1.13965474093
1.27222574481
0.912801048007
0.807811084366
1.58813772155
0.534084808711
1.03741352563
1.49858114663
0.718054019507
2.04662790118
1.54568652798
1.59435409576
0.846389570633
1.31526585265
