1.2961371694
1.00841304743
0.931702388993
0.938314076887
0.536961121393
1.42127453137
1.12655624492
0.614483240248
0.791772704509
2.18492502233
0.62084873768
1.10162325778
1.4842413605
1.41010539862
1.15874876023
1.06621097808
1.04483399336
1.55528932805
1.25533417817
0.495575423812
1.07385805172
0.737489114922
1.02154173219
1.36972956454
1.38774625551
1.03734088866
1.24269441555
1.65890840589
1.16642334213
1.64224979622
1.10135823624
1.24671365369
1.36772244605
0.218522258785
0.183021421535
1.14667907368
1.43059882338
1.23379748702
1.61888667531
0.991701847002
1.01238555633
1.69821031604
1.41363083472
1.52512404307
1.42783668677
1.46011150894
1.18194864902
0.87522644726
0.334596986581
0.877183049988
1.14588593209
1.42188977226
1.15678268296
0.902433260681
1.21927696444
1.24913316119
1.68072196386
1.75914124363
1.49842719175
0.547539651229
1.00227409833
0.961534143216
0.803748877773
0.852194089264
1.27641052841
1.04996424876
0.934997009962
0.970310604766
0.825274823696
1.07753933266
1.574869465
1.38056006746
0.984894434132
1.24446098414
1.53941832848
1.37463217363
-0.5
1.56601979157
0.928628222556
1.49030732013
1.34901445798
0.755318561632
1.391684963
0.856995114078
1.98904695129
0.859924128249
1.41043584241
0.848344203459
1.61471303844
0.745684737237
1.23187826822
1.55011570679
1.20757921492
1.36795672112
1.05110163635
1.42517929739
1.05841065385
1.02187629437
1.32072295827
1.51508110351
-0.5
1.08871978699
-0.5
1.61265926395
0.952104287155
1.67885234938
0.851158260605
0.818826864605
1.11872695792
1.45934352984
1.28894254619
1.29609547485
1.23305617883
0.891578376998
1.68741849389
1.31230485035
1.68548884913
1.10326243844
0.871599320927
1.1853307945
1.4909800937
1.04813833699
0.959711778629
0.802695586716
1.10447897172
0.744033645065
0.785262944279
1.36465725575
1.47770175428
1.65030188697
1.25979620666
1.09802046663
1.47596338784
1.56959658601
0.942166797881
0.867602212673
1.04946073105
0.539172811702
0.644317014622
1.61455043849
0.639027542227
1.48295734189
1.23145792299
0.563297027148
1.19555608316
1.2645923327
0.98591013464
1.11954619178
1.29062247611
1.19400997262
1.65102128505
0.898792962374
1.17167525226
1.49631310168
1.26748346219
0.974391453597
1.21469956268
1.26390756795
1.12590665428
1.12697042624
1.15901200259
0.487646049345
2.71132559587
1.60233145887
1.18167390027
1.23108159236
0.965055797173
0.943060366782
-0.5
0.825500043847
0.756374521172
1.40432189071
1.69621820291
0.643323235362
0.954505100198
1.13339346194
0.775442175328
0.957295348567
0.857705398333
1.13396292212
1.21047274335
1.12306174771
1.18955559121
1.93312806937
0.894999456324
1.52659788706
1.22460937808
1.4590388826
1.28130707255
0.144313904429
0.508007692169
1.33267198
1.60973868408
1.203673365
0.856812625717
1.47001128443
1.287475016
0.793111847005
0.720541327092
1.50083619564
1.00978404148
1.48141058911
1.11414458443
1.53173454347
1.47232677821
1.62658023703
0.756438269804
0.6701388882
1.452619056
1.28345557182
0.898949925027
1.17333914495
1.18717743681
1.01025979639
1.33790531667
1.56634577014
1.3068032844
1.34878243651
1.22581315677
1.36708105664
1.32597959342
1.33213190796
1.41048869676
1.18221171755
1.72002038959
1.62261235506
1.50932405083
1.26650358411
1.35742459317
1.42021768263
1.92292611764
1.47976510083
1.12476899813
1.5093932815
0.365503176242
0.828942661772
1.09235526609
1.29301107839
1.02573464869
0.633299990525
1.51139152442
0.963112499526
1.18064906165
1.45269982136
1.01445164662
2.10377075832
1.54327063171
1.59435409576
1.15637840505
1.39304363043
