2.07477682483
0.597868871412
1.44517303452
3.27206950975
2.07811015817
2.53763317194
2.29051781955
-0.5
1.24768086246
4.14298194776
2.88588298358
3.28190630502
2.44430094936
2.17123290066
1.93411864849
0.667810528097
1.88806184947
2.57598427769
3.49675459522
0.651834151018
1.69803754397
0.671992131356
1.44517303452
0.0
2.59233276302
0.543405721208
-0.5
3.20754151665
0.414954744367
3.0698276261
1.44517303452
1.42412040294
2.86963628893
1.01819621056
-0.5
2.85965278681
2.80175622492
3.03538156299
3.10402611422
2.09477682483
3.10402611422
4.47991204129
2.27234446022
3.97504138844
2.99934223702
-0.5
1.91820215143
1.58206667838
0.912760958237
1.64517303452
2.31972779174
2.76415280094
1.51527642202
2.09102396931
-0.5
3.05404672621
2.99679106079
3.10402611422
3.1931856018
0.923697265783
2.22136839667
2.78630295559
0.876831704075
1.79607282813
2.90381262639
2.64214478423
1.44517303452
1.92302123234
1.72098676397
2.16438684027
2.9789111378
2.80175622492
2.88297348264
0.0
3.53991248995
2.35911864849
-0.5
2.94715935151
0.445510389855
2.82367851505
2.10867907166
1.42412040294
-0.5
1.64517303452
3.62675459522
3.09558386101
0.0
1.04279478538
4.29798335726
0.835403302487
2.56109421442
3.14608974729
1.64517303452
2.31972779174
2.60175622492
2.56109421442
1.64517303452
1.64517303452
3.10402611422
3.03538156299
-0.5
-0.5
-0.5
3.12631945348
-0.5
3.10402611422
1.28831947519
1.68817912234
1.64517303452
3.19158685373
-0.5
0.603376035362
2.38797375715
2.2883853946
3.8607395955
2.33527995877
1.64517303452
2.2271438077
2.33527995877
1.02015275226
2.77085223529
2.80175622492
0.48090965574
2.13656882128
2.14339482841
-0.5
1.03815358509
-0.5
2.45497534695
3.22788509437
2.80175622492
2.07970688379
2.76415280094
3.52758358984
1.97211452832
2.2875169048
2.94371075783
0.555138280077
-0.5
3.42675459522
-0.5
2.27730046667
2.31972779174
0.878630391958
2.07911864849
2.29051781955
2.57598427769
1.38803017738
1.8727891753
3.10402611422
4.16798194776
0.0
2.16972779174
2.80175622492
1.83562428847
0.414735849338
2.23623941801
-0.5
0.942719025281
3.41246888093
3.3643420078
-0.5
4.42823525679
2.76415280094
0.986418088759
1.64517303452
1.44517303452
2.07811015817
3.18873617641
1.66211697024
1.42412040294
1.97211452832
0.0
1.39504930107
1.75224048312
0.0
1.49674052782
1.64517303452
0.841821059569
1.44517303452
2.57598427769
-0.5
1.64517303452
3.37501194718
2.05029511908
2.81524272908
3.27206950975
-0.5
2.58252909936
0.530892824583
0.400875612955
2.01293899354
3.24198181155
2.31520357642
-0.5
2.80175622492
2.76963628893
-0.5
-0.5
2.57598427769
1.96624541584
3.04407593485
2.90867011294
3.49558386101
3.16957141368
2.91210541256
3.27206950975
0.766240536829
2.56109421442
1.68792623178
1.64517303452
3.52758358984
0.515356284574
3.03538156299
0.0
3.49342126188
3.07342983834
2.87420818331
1.90228252544
2.57598427769
2.88297348264
3.65445966019
3.10402611422
3.12053215319
4.41485565786
3.0698276261
2.28827701497
2.24709513707
2.19477682483
2.19477682483
2.84585223529
3.35298941303
1.75257066659
3.12631945348
1.03761501768
2.19813820641
2.57598427769
2.57598427769
1.44517303452
1.58517303452
3.10402611422
0.877591363961
2.00630729324
2.45497534695
2.0113987234
3.16468437379
3.03538156299
2.76415280094
2.07811015817
3.04407593485
